0.006758346218971468
0.006762576862201125
0.006824052587450836
0.006737572143002593
0.006744297289977034
0.0067606166760711545
0.007112496149011833
0.0067096316512364725
0.006726005919646992
0.00672626796306939
0.006755136029816439
0.006701521651011903
0.006856726492914362
0.006726284958820816
0.006796864978774745
0.00669046728245416
0.006695752237238376
0.006685402548386718
0.006694689265135151
0.0069184714161927814
0.006721125212575801
0.0066726684780578005
0.006712147182813627
0.00673649459834666
0.006748207645330976
0.006793085912810512
0.0066985840222791694
0.006670679964947681
0.0067817583998498005
0.006671780135118918
0.006689580521776534
0.006692842563324237
0.0067514427455247885
0.0066611898033220015
0.006632711000551392
0.00675147619646182
0.0066301829506958485
0.006650863443857979
0.0066748470082824436
0.006685531136185641
0.006666682125120057
0.006675317803089356
0.006986146071157501
0.006612659630503008
0.0066352204320162585
0.006665456968034401
0.0066661517191292695
0.006615830201863675
0.0065699218554739975
0.006732866608500666
0.006544389456599078
0.006590919629720977
0.006579081945777149
0.006565785708077753
0.006532499814497288
0.006495338919169563
0.006531824166458715
0.006630399732725315
0.0064687247896288574
0.006468195088383668
0.006665960626064062
0.006514997971771047
0.0065000731553220975
0.006504757783877777
0.006572934955766023
0.006583184793163661
0.006529078173913714
0.006520661420476525
0.006439227617505613
0.006463270128467708
0.006537275705626437
0.0066898316593072
0.006566943762096777
0.006465995440530284
0.006401099525833053
0.006554240829653618
0.006401268020785091
0.006420122625402681
0.006396878510746325
0.006512631894282921
0.006391961007285204
0.006568817190882213
0.006377707361897704
0.006385328431777445
0.006366441021566237
0.00633138330388798
0.006400289921278388
0.0063266112472420985
0.006331304545942887
0.006332687619659693
0.006345780866245215
0.006624286706823565
0.00635902199799894
0.006471989152953255
0.006324436457401547
0.006304602855125294
0.006514729226137999
0.006357529363626063
0.006341657501567217
0.006343873243354272
0.006333419286414726
0.006321488474807663
0.006312268656621036
0.006374662622879558
0.0062697069795097276
0.006284675501635518
0.006320631749202855
0.0062739795149149985
0.006717424972228393
0.006295368632379146
0.006364925617767692
0.006375160040981584
0.00635587381996209
0.006282236475739442
0.006245586714462179
0.006271010272245179
0.0063138724989380696
0.006314826134278202
0.014193234586852704
0.01859434176303449
0.021327981664450536
0.02630544644254685
0.02686957551193873
0.030335470218471154
0.04437757960587591
0.03192980499048069
0.037102829130523436
0.03638577660817663
0.03671847769739963
0.03869556783375592
0.040471205721723455
0.041590217825430466
0.042178802187725496
0.04957964988364434
0.04448439283628982
0.0460960671245095
0.04731681934957972
0.04777699450269759
0.047862412703901194
0.05037657400076593
0.049127372980966554
0.05011956666598416
0.05068438807083173
0.05090977197714069
0.05249286526077729
0.05197266130290998
0.05259262470686966
0.05304413082511319
0.05331105899901746
0.0548831240835722
0.054112362123703905
0.05453674714959594
0.05486920413719989
0.05503406070550836
0.05452684670995171
0.05545775645646774
0.05704717121930909
0.054966170417475785
0.057449450434993346
0.055311304625131605
0.054572389751532904
0.05486416046463751
0.05484941714510191
0.05446636895769953
0.053974082747240804
0.054880012519444965
0.05362619747842216
0.05328473832714737
0.05290294319640089
0.052456196309619715
0.05271885688024625
0.05298180898521174
0.051645844701284964
0.05260187205581249
0.05133051399078346
0.05058916766377256
0.05043916098536299
0.05061690852280991
0.049750852196560176
0.04921227327018096
0.049286445234851275
0.04841467640564215
0.048136508875455244
0.04916616900508131
0.047642329636605814
0.047177372475275696
0.04686906094180329
0.04648369678826938
0.0461611480856337
0.046129104678185505
0.04563032360523313
0.04531376185389665
0.04492378292197059
0.044362770217244836
0.043744331201014036
0.043040660011719925
0.04278748655246051
0.04229834987074065
0.042198267747368234
0.041609340191126734
0.04148609390232025
0.04120251963008351
0.040806201853039
0.040475544242904234
0.040465746448689534
0.040274278561371606
0.039877955617848425
0.039538417983699226
0.03970526423842405
0.039500693206638425
0.03927642833889627
0.039146369262490724
0.03912690166843172
0.03906258827379963
0.038782624331937215
0.03886959415719696
0.03875696535618384
0.03883619709469724
0.039264242696435775
0.03933608260848876
0.03928628527267624
0.03934671674248619
0.03966904510207723
0.040338340323251384
0.04011712414487596
0.040130952687224074
0.04063653532921272
0.040735101372075797
0.041134956596248475
0.04150439600200281
0.042453172410496946
0.042300681639583684
0.04238773291902208
0.042548286692540356
0.043481547312947386
0.04329521560687766
0.04359016157686333
0.04368756579950264
0.04128615624444039
0.03971606512066428
0.03884214690396041
0.03807257079527012
0.03745741095768117
0.03743137006980441
0.03645347133988561
0.03601290110155494
0.035668359751221304
0.0355331387337641
0.03503201737535909
0.034729696234556975
0.034506906032108306
0.03447442152736248
0.03407063733781266
0.03385704238286279
0.03370937114471117
0.0339469075852413
0.03341531780757674
0.03358276112823677
0.033187352445603745
0.0330257543809181
0.033041863664771444
0.03371043498457323
0.03337158330265828
0.032795132461539804
0.03316673368316735
0.03268435733804669
0.03278705806053759
0.03276887157492079
0.03281088514285762
0.032495614574724135
0.0325782652894604
0.0330047068357007
0.0326916779280081
0.03303305888152683
0.03377274373751706
0.03359738994867652
0.03322138529906582
0.03330995589222656
0.033596904972324315
0.033803094852632914
0.03514990061428525
0.0345026171725208
0.03502201346280788
0.035460454032471105
0.03604899229259855
0.03740024389603724
0.03760004321544992
0.038650582355831936
0.04081285731620609
0.04066300951881579
0.041991283841896244
0.04318065700715998
0.04511156476345602
0.04772749736609795
0.04957015730415979
0.050525931304609445
0.05201302343270335
0.054664003866663376
0.05685195795024395
0.060089076068522956
0.06038318131645117
0.0626339638284037
0.06436111425203388
0.06779636302063956
0.0677334504655422
0.06667654474754123
0.05779939527881655
0.053632404164109
0.05195459098189125
0.04848193770654979
0.04662004336415102
0.04521386284942198
0.043664291353271795
0.04243923696392281
0.04133489668170476
0.04053026077647016
0.039413604608608196
0.03858846830701188
0.037781783471554684
0.0371979061990641
0.03869752579586041
0.03574514009309401
0.035400136618097364
0.034655113179018746
0.03420341059099723
0.0337101830839636
0.03317348764446872
0.032914578774346503
0.03225900839062316
0.03245617829154919
0.03162803397071277
0.03113730387683631
0.030823495188655844
0.03048203613158055
0.030327458310146074
0.029880392072467864
0.029617472446094507
0.02971248070268608
0.029179519828240987
0.029043269482594513
0.02882378798735806
0.028513430614485923
0.02869362113518222
0.02805047580534877
0.02785833169647617
0.02787590598043091
0.027537279112631506
0.027410031712677967
0.027240181291504267
0.02726843902566956
0.02919933285583253
0.026856699544546874
0.02700819742056686
0.026704845891564813
0.0266776460398922
0.026581897740662032
0.02643019570277776
0.026475959427169172
0.026485204027196146
0.02637132786574157
0.026215815468938537
0.026264997105299573
0.026255508796545354
0.026169463372999278
0.02638599573834222
0.026096406558316187
0.027029171928867494
0.026303027747592123
0.026145245199439733
0.02620450182908867
0.02621288693172598
0.02643015768510578
0.026756405030795773
0.02687690450354984
0.02667680509619997
0.026586943673171125
0.026739638309310358
0.02682968224200105
0.027306003387314867
0.02709431607482035
0.027271417703167183
0.027384267037376574
0.02775890387073623
0.028190190506387876
0.028365932918259364
0.02837789069743175
0.029077843738892828
0.0287683013201199
0.02964428624565297
0.029593448996812488
0.030190871102346133
0.03065012388897026
0.03094523616919599
0.03211371596808172
0.031974220227004954
0.03393536913162147
0.033849188812889744
0.0354172674438967
0.036858491854926435
0.037591813756141214
0.038730966029464395
0.04076765588761594
0.04289695108331054
0.04681230206816253
0.04838962507886526
0.05184907774040517
0.05540361671586257
0.06051904747348468
0.06609801860485157
0.07103597804641386
0.07556785993689985
0.08261801531346633
0.0891995457416348
0.09431557281734071
0.09901205936139863
0.1054022279256819
0.11074347128659566
0.11904252230022877
0.10989940543302484
0.09226483942372345
0.08370784552145262
0.07769896003949553
0.07301377967346054
0.06915857002169508
0.06587811933227015
0.0630214213376816
0.06049103444385714
0.058220134436992386
0.05616076967130348
0.05427729960588241
0.05254247786965865
0.05093498932469013
0.049437834095710564
0.048037229865707146
0.04672184445154579
0.04548224506295764
0.04431049470013823
0.04319985086561564
0.042144536681681326
0.041139564357124916
0.04018059741930892
0.039263841914425376
0.038385959220246235
0.03754399585215663
0.03673532640204591
0.03595760646720253
0.03520873387901572
0.0344868163644658
0.03379014442271311
0.03311716848514446
0.032466479428864235
0.03183679211993294
0.031226931224206788
0.030635818926653655
0.030062464431761894
0.029505954809338826
0.028965446979585883
0.02844016070851794
0.027929372475701153
0.027432410130944145
0.02694864803938629
0.026477502836411204
0.02601842975684453
0.025570919226065074
0.025134493851294466
0.024708705732095212
0.02429313411248311
0.023887383183406725
0.0234910800602913
0.023103873116725546
0.022725430330484072
0.022355437863131
0.02199359867090424
0.021639631389752015
0.0212932692068181
0.020954258838820128
0.020622359621612713
0.02029734269404522
0.019978990219386997
0.01966709465361241
0.01936145811241132
0.019061891768989897
0.018768215306046575
0.01848025637776775
0.018197850155225768
0.017920838888401666
0.017649071486062037
0.017382403145156423
0.01712069499560304
0.01686381377199689
0.01661163151429894
0.016364025284352195
0.016120876884987242
0.015882072627055748
0.04339228520051701
0.056689257169477605
0.06420439945816366
0.06928182874204827
0.0746817457763561
0.0780827551632783
0.0834103823309701
0.08202023689216698
0.08281361871995245
0.08246456673207249
0.0827029818382115
0.08223225788032493
0.08044880236797226
0.07818102544986236
0.0768266582479038
0.07499675578274306
0.07276061424965212
0.07218574739037574
0.06887445854688169
0.06712155472258137
0.0657953842003189
0.0648776284737313
0.0636041428177564
0.06158615510097417
0.06015453742874179
0.059098634585780414
0.05804959263851258
0.05732614940408736
0.057139624117177844
0.0561327045658576
0.054879169027746436
0.05400165383094779
0.05337391915018441
0.0534876822253295
0.05227489431460087
0.05183114184396828
0.051278174255938974
0.050667532228033295
0.0503160208823463
0.04990043040975414
0.049376827352243795
0.04943818490242387
0.048496201621618086
0.0481020178304185
0.04789201798673081
0.04780002798975521
0.04747668414067253
0.04690310446705795
0.04645112089195526
0.04617922284908188
0.04672373972222758
0.045708919216271605
0.04554841345689605
0.04526204240127777
0.04490222311845731
0.04478156081659672
0.044585955116129304
0.04426631907330165
0.044678877791078424
0.0437686433573227
0.043551471803350235
0.04349814790741216
0.04351194519863541
0.04331687187523181
0.042960460530235826
0.04318439882568997
0.042530000211974166
0.04265863660073856
0.0422986018086437
0.04221846323484715
0.04206151630196413
0.041855300759320466
0.04180052593354984
0.041692364479679375
0.04152707686985244
0.04152447781410992
0.04147561191213274
0.04132426213074579
0.04113943316784924
0.041103048659743506
0.04101641075292855
0.04117204554887026
0.040880838014315565
0.04083131090304043
0.04114647683803084
0.04077313858993957
0.040770803127323146
0.04069546287157212
0.04092575056364651
0.0406006172268672
0.040573989419728236
0.040741881519164386
0.0405574478363834
0.04056766621629553
0.04083665846593152
0.04062991626207751
0.04068738998195095
0.04067816765953187
0.04091770824658708
0.04762635861793532
0.041333803856915624
0.04097712887380574
0.041375637225491584
0.041623508413144376
0.04126231886576946
0.04116805442639046
0.04130217342276759
0.04137526626311736
0.04166378731021657
0.041985427053830085
0.042050543764590366
0.042017353071100834
0.042342177523248814
0.04254567445989563
0.042594259916396614
0.0431444319132779
0.04458862315526708
0.04351535882461155
0.04350199599686428
0.04387107501851127
0.04414001871970019
0.044344444744669184
0.04479654794494488
0.04518488495307703
0.04550627071021253
0.046102562920025104
0.046649207793792447
0.04710202474497033
0.048032796404950714
0.04918596749405024
0.04958711616977944
0.05009196880896115
0.051319190632200334
0.052513557681106854
0.053731423410734946
0.055824174809619244
0.058138618902945395
0.060601031306099985
0.0649575810177955
0.07102902223794312
0.0744674002426127
0.07945005372752735
0.08719198586013245
0.09528219830823954
0.10356475638994082
0.11417455088057343
0.12445024868787197
0.13377967814428943
0.14473870118033683
0.15387301487748628
0.13730620534911733
0.1192563461963269
0.10957844602809695
0.10276906468019079
0.09749299759502675
0.09318457629549132
0.08954574762841785
0.08639873730889708
0.08362851727632646
0.0811562103501329
0.07892531259305559
0.0768939389631013
0.07503017342077249
0.07330913726429383
0.07171106375065223
0.07021999009766672
0.0688228429774582
0.06750878333149057
0.06626872683404972
0.06509498637223225
0.06398100104036966
0.06292112762505153
0.06191047816344972
0.060944791810213804
0.060020332680661814
0.059133807619045804
0.05828229939383922
0.05746321198986499
0.05667422549818598
0.05591325855166377
0.055178436968694865
0.054468067353220004
0.053780614714636465
0.05311468347679306
0.052469001198167636
0.05184240461655325
0.05123382758808225
0.0506422906446934
0.050066891897268845
0.04950679913163645
0.048961242846141555
0.048429510136351495
0.0479109393111308
0.04740491515168319
0.04691086465887074
0.0464282533188583
0.04595658172474243
0.04549538259576623
0.04504421810090216
0.04460267743108625
0.04417037462821514
0.04374694663047986
0.04333205152104015
0.04292536689326533
0.04252658842460842
0.04213542852724378
0.041751615160932516
0.04137489073829775
0.04100501110741453
0.04064174463832717
0.04028487137834193
0.039934182299781774
0.03958947856810793
0.039250570897667
0.03891727894885761
0.038589430769406324
0.038266862291061764
0.037949416843413644
0.03763694471610384
0.03732930275709605
0.03702635399166136
0.036727967276362294
0.03643401696283596
0.03614438260020336
0.03585894865003615
0.0355776042179497
0.035300242813886606
0.035026762116057236
0.03475706375355404
0.03449105310966615
0.034228639129716805
0.03396973414405916
0.033714253701688554
0.03346211641196504
0.03321324380354807
0.03296756017333734
0.03272499247066969
0.032485470162677166
0.032248925126442805
0.03201529153772464
0.031784505767705244
0.03155650628251668
0.031331233557666725
0.03110862998628024
0.030888639800615885
0.030671208987999802
0.030456285221523886
0.03024381779285942
0.030033757536195367
0.02982605677602728
0.02962066926283267
0.02941755011341217
0.02921665575855093
0.029017943894388536
0.02882137343247157
0.028626904453253492
0.02843449815897786
0.028244116833240546
0.02805572380201738
0.027869283394708042
0.027684760906138837
0.027502122563481276
0.027321335491421045
0.027142367679533094
0.026965187951958923
0.02678976594142177
0.026616072060427348
0.026444077471473888
0.026273754063781646
0.026105074427073566
0.025938011831513022
0.025772540203344158
0.025608634102246987
0.025446268702062597
0.025285419769026745
0.025126063644378065
0.024968177226027653
0.024811737953875836
0.024656723788552236
0.024503113195893038
0.024350885133078884
0.024200019032815313
0.02405049479000667
0.023902292744939328
0.02375539367454165
0.023609778774374156
0.023465429648170087
0.023322328299569813
0.02318045711504543
0.023039798857181864
0.02290033665210732
0.022762053978762613
0.022624934659526835
0.022488962852233445
0.022354123039736624
0.022220400019195546
0.022087778895144336
0.02195624507047464
0.021825784239398384
0.021696382379530834
0.021568025744761785
0.021440700856764097
0.021314394497460577
0.021189093704954677
0.021064785763995012
0.0209414582015901
0.020819098781753066
0.020697695497534953
0.020577236563172684
0.02045771041324016
0.02033910569376226
0.020221411259523547
0.02010461616756644
0.019988709672361465
0.019873681221583544
0.019759520449594413
0.019646217174578515
0.01953376139494703
0.019422143283796583
0.019311353186420948
0.019201381614253166
0.019092219240614345
0.01898385689874967
0.01887628557783708
0.0187694964193316
0.018663480714048265
0.0185582298970208
0.018453735546192545
0.018349989378340145
0.018246983245156303
0.01814470913162134
0.01804315915373216
0.017942325553713383
0.017842200698912205
0.017742777078998215
0.017644047300618342
0.01754600408856523
0.017448640281530595
0.01735194883043741
0.01725592279526414
0.017160555343305958
0.01706583974673271
0.016971769380266653
0.016878337718950854
0.016785538337060604
0.01669336490467708
0.016601811187418394
0.01651087104438094
0.016420538425015903
0.016330807367079685
0.01624167199536903
0.016153126521567012
0.01606516524176494
0.015977782533826243
0.01589097285555427
0.01580473074512965
0.01571905081783832
0.015633927765180144
0.01554935635295144
0.01546533142086913
0.015381847879910584
0.015298900712648118
0.015216484970970754
0.015134595774713313
0.015053228309862337
0.014972377827507126
0.014892039644121077
0.014812209139253263
0.014732881754861699
0.014654052992991594
0.01457571841554707
0.014497873643910014
0.014420514355738054
0.014343636286440033
0.014267235227056531
0.014191307022781673
0.014115847573195166
0.014040852830323981
0.013966318798637484
0.013892241533134399
0.013818617138446683
0.013745441769068022
0.013672711627901252
0.013600422965705995
0.013528572080082932
0.013457155314220096
0.013386169056388638
0.013315609739681381
0.013245473840435706
0.013175757878733098
0.013106458416678344
0.013037572057902581
0.012969095447051356
0.012901025269290394
0.012833358248977666
0.012766091149892987
0.01269922077331319
0.012632743959210003
0.012566657584332615
0.012500958562090665
0.012435643842160326
0.012370710409378878
0.012306155282849016
0.01224197551622917
0.012178168197174946
0.012114730446560829
0.012051659417885786
0.011988952297165968
0.011926606301752886
0.011864618680506374
0.011802986713044474
0.011741707709286113
0.011680779008769862
0.01162019797993312
0.01155996202106801
0.011500068558713066
0.0114405150476159
0.011381298970018529
0.011322417835655655
0.011263869180894557
0.011205650568398184
0.011147759586721803
0.011090193850816922
0.011032951000494007
0.010976028700829631
0.01091942464114988
0.010863136535267938
0.010807162120582055
0.010751499158576937
0.010696145433824978
0.010641098753258457
0.010586356946533305
0.010531917865629958
0.010477779384765594
0.010423939399441836
0.01037039582670848
0.010317146604758054
0.010264189692182377
0.010211523068184361
0.010159144731965546
0.010107052702501533
0.010055245018823844
0.010003719739128999
0.009952474940862892
0.009901508719993879
0.009850819191178438
0.009800404487496318
0.009750262759987069
0.009700392177780246
0.009650790927112091
0.009601457211959267
0.009552389253296219
0.00950358528875839
0.00945504357311924
0.009406762377530837
0.009358739989524552
0.009310974712297075
0.009263464865169048
0.009216208783110663
0.009169204816108768
0.00912245132987017
0.00907594670474357
0.009029689336377713
0.008983677634736429
0.008937910024478407
0.008892384944121513
0.008847100846661678
0.00880205619914527
0.00875724948214697
0.008712679189573152
0.008668343828961346
0.008624241921228301
0.008580372000281371
0.008536732612833432
0.008493322318480772
0.00845013968956372
0.008407183310648887
0.008364451778647737
0.00832194370270035
0.008279657703778918
0.008237592414879421
0.008195746480652357
0.00815411855733867
0.008112707312669614
0.00807151142567116
0.0080305295865136
0.00798976049631746
0.007949202867026736
0.007908855421594837
0.007868716893550006
0.007828786026683668
0.007789061575517695
0.007749542304723414
0.007710226989079127
0.007671114413549082
0.007632203372893411
0.007593492671767004
0.007554981124443845
0.0075166675548620915
0.007478550796470706
0.007440629691882233
0.0074029030932069575
0.007365369861609324
0.007328028867376175
0.007290878989607182
0.007253919116471109
0.007217148144760531
0.007180564980018393
0.007144168536315987
0.007107957735973411
0.007071931509807406
0.0070360887970784365
0.007000428545188404
0.006964949709431772
0.0069296512532896395
0.006894532148232852
0.006859591373554656
0.006824827916211156
0.006790240770785842
0.006755828939555728
0.006721591432345819
0.006687527266305824
0.0066536354658530425
0.006619915062908216
0.006586365096410306
0.006552984612612599
0.006519772664647065
0.006486728312616044
0.006453850623603144
0.006421138671539139
0.006388591537033666
0.006356208307361642
0.006323988076499002
0.006291929944901969
0.006260033019491543
0.00622829641364853
0.006196719247109184
0.006165300645845637
0.006134039742115724
0.0061029356743341435
0.006071987587010369
0.006041194630658564
0.006010555961680381
0.005980070742595322
0.005949738141664667
0.005919557332961184
0.005889527496218061
0.005859647816900077
0.005829917486130409
0.005800335700576141
0.005770901662596688
0.005741614579769676
0.0057124736651309495
0.005683478137185722
0.005654627219660349
0.005625920141584315
0.00559735613712839
0.005568934445691306
0.005540654311758684
0.005512514984828468
0.00548451571942687
0.0054566557750519275
0.005428934416078657
0.005401350911862106
0.005373904536564311
0.005346594569064295
0.0053194202929281245
0.005292380996495171
0.005265475972687646
0.005238704519104381
0.005212065937859431
0.005185559535594713
0.005159184623429573
0.005132940516896132
0.005106826535963803
0.0050808420049771675
0.00505498625249459
0.005029258611376459
0.0050036584188061185
0.004978185016182083
0.004952837748955516
0.004927615966793312
0.00490251902344013
0.0048775462766639565
0.004852697088286402
0.0048279708241005205
0.004803366853807589
0.004778884551048598
0.004754523293313873
0.004730282461950715
0.004706161442196554
0.004682159623023271
0.004658276397171437
0.004634511161057878
0.004610863314787754
0.004587332262101615
0.004563917410305383
0.004540618170424718
0.0045174339569956
0.004494364188054687
0.00447140828516915
0.004448565673342793
0.004425835781031053
0.004403218040104481
0.004380711885832638
0.004358316756837733
0.004336032095000808
0.004313857345581695
0.004291791957083891
0.0042698353813059855
0.0042479870732234975
0.004226246491035278
0.004204613096067595
0.004183086352798017
0.0041616657288219994
0.00414035069486181
0.0041191407246385075
0.004098035294972504
0.004077033885701897
0.00405613597959027
0.004035341062455024
0.004014648623053597
0.003994058153046139
0.003973569146991888
0.00395318110234847
0.003932893519376584
0.0039127059011807176
0.0038926177537114055
0.0038726285856869524
0.003852737908615062
0.003832945236726851
0.003813250086959793
0.0037936519790047847
0.0037741504352255353
0.003754744980680473
0.0037354351430145664
0.00371622045247672
0.00369710044197069
0.003678074646928749
0.003659142605408252
0.0036403038580286296
0.003621557947925232
0.0036029044206796535
0.0035843428244453825
0.003565872709764341
0.0035474936296671805
0.0035292051396428057
0.0035110067975884407
0.003492898163792285
0.003474878800905763
0.0034569482739583435
0.0034391061503366667
0.003421351999772926
0.003403685394297067
0.0033861059082352703
0.0033686131182016463
0.003351206603074645
0.0033338859439547195
0.003316650724203907
0.0032995005293650365
0.003282434947179698
0.00326545356764776
0.003248555982918576
0.0032317417872754963
0.003215010577101882
0.0031983619509616925
0.0031817955095631615
0.003165310855653513
0.0031489075940495464
0.0031325853316539892
0.0031163436774397824
0.0031001822423950445
0.0030841006395611608
0.0030680984839758347
0.0030521753926661707
0.0030363309846575307
0.0030205648809522893
0.0030048767044805287
0.0029892660801656545
0.0029737326348435633
0.002958275997249304
0.002942895798055872
0.002927591669813639
0.002912363246936065
0.0028972101657332304
0.0028821320643880803
0.002867128582882137
0.002852199363070569
0.0028373440486116753
0.002822562284975404
0.0028078537194007615
0.0027932180009541544
0.002778654780469984
0.002764163710535959
0.0027497444454482644
0.002735396641302551
0.002721119955908263
0.0027069140488172644
0.002692778581248414
0.0026787132161445407
0.002664717618144675
0.0026507914535299133
0.0026369343902652655
0.0026231460979467968
0.0026094262478465534
0.002595774512859172
0.002582190567492733
0.0025686740878775546
0.0025552247517702793
0.0025418422384949303
0.0025285262289681002
0.002515276405676065
0.0025020924526709034
0.0024889740555474426
0.002475920901468037
0.002462932679132622
0.002450009078779396
0.0024371497921305482
0.002424354512447791
0.0024116229344784924
0.0023989547544621156
0.0023863496701215883
0.002373807380665594
0.0023613275867515964
0.0023489099905029363
0.002336554295480814
0.002324260206691991
0.0023120274305869198
0.002299855675024063
0.002287744649276722
0.002275694064022851
0.00226370363132704
0.002251773064671589
0.002239902078901527
0.00222809039023244
0.002216337716261785
0.002204643775935586
0.002193008289556469
0.0021814309787595828
0.0021699115665362962
0.002158449777175885
0.002147045336302877
0.002135697970843433
0.002124407409037055
0.002113173380441591
0.0021019956158649703
0.0020908738474173755
0.002079807808476902
0.0020687972337206156
0.0020578418590553047
0.0020469414216432794
0.0020360956599127897
0.0020253043135260856
0.002014567123372944
0.002003883831581407
0.0019932541814869005
0.001982677917639945
0.0019721547858040263
0.001961684532944626
0.023911757283442168
0.03140593269545944
0.036302868152248854
0.03494306076001502
0.0337346884033065
0.031626576856017885
0.02991970596677029
0.027639064593532343
0.026598874467945084
0.025002372286964808
0.02411927758314262
0.02334844924652945
0.022687437526209164
0.022225043154835797
0.021800987362791648
0.021409141354992237
0.021131823471579235
0.020864857035533
0.02079825992430182
0.020431730705130106
0.020256494186772087
0.020259230739294396
0.01997291381351601
0.019860158838881495
0.020395199262228856
0.019685052883212588
0.01962077657510161
0.01953610362510461
0.0195372810752997
0.019520052273114694
0.019458273724636235
0.01958557630387996
0.019399796317013423
0.019535482083491252
0.01944695330698451
0.019491543557794557
0.019508313536636623
0.019656862719304675
0.019583759240190218
0.019819963930170673
0.01976978334881735
0.01989659703860214
0.019979970399586086
0.020043153614367572
0.020199494276756866
0.020334719452358617
0.020689396888719895
0.020659972449608422
0.020853033799249666
0.021204039043009
0.02131129395739134
0.021582881776072135
0.022029827926560334
0.02223412565859986
0.0226276804609464
0.023281065393644967
0.023609964851471543
0.02424551352177856
0.026124435821369283
0.026096315367747827
0.02759204128924807
0.0296617281321131
0.03320219777140656
0.03822607662932866
0.044359478578459004
0.05169043189113925
0.06052921900531336
0.06856533276805975
0.06159328756786673
0.05181581631434176
0.047001389663766414
0.0437687982599063
0.041345281565939855
0.039415512275813566
0.03781829665962666
0.03645992150526594
0.03528107767318614
0.034241876650752436
0.03331423003163041
0.03247763234290074
0.031716671338673175
0.03101948072232699
0.030376737472720558
0.02978098906462104
0.029226188542855767
0.028707365001096337
0.028220384845448043
0.027761775467848974
0.02732859277311034
0.02691832013242674
0.026528790248256866
0.026158123989755297
0.025804681973760155
0.025467025844255583
0.025143887017747685
0.024834141237966696
0.024536787695000433
0.02425093176656068
0.023975770653365883
0.02371058134910721
0.02345471050596664
0.023207565848644068
0.022968608864238124
0.022737348546885416
0.022513336020807514
0.02229615989829499
0.02208544225657623
0.0218808351360939
0.021682017483269374
0.021488692470555612
0.021300585140132
0.02111744032592525
0.020939020814954083
0.020765105716236208
0.020595489009746677
0.020429978252121384
0.020268393419630982
0.020110565870924232
0.019956337415334535
0.019805559474074794
0.019658092323460007
0.01951380441079034
0.019372571734763082
0.019234277283163376
0.019098810521516907
0.018966066927705322
0.018835947567230393
0.01870835870517576
0.018583211451206727
0.018460421434051036
0.018339908502848466
0.018221596452565623
0.01810541277134095
0.017991288407691455
0.01787915755558018
0.017768957455822965
0.01766062821243935
0.01755411262256463
0.01744935601872192
0.0173463061222952
0.017244912907701786
0.01714512847588319
0.01704690693641678
0.01695020429757806
0.0168549783641784
0.01676118864162443
0.016668796246718777
0.016577763823962782
0.01648805546726901
0.016399636646587758
0.01631247413906636
0.016226535964416717
0.016141791324363226
0.016058210545628365
0.015975765026141855
0.015894427184661598
0.01581417041322037
0.015734969032243466
0.01565679824819324
0.015579634113678862
0.015503453489762942
0.015428234010210588
0.015353954047820164
0.015280592682559779
0.01520812967133241
0.01513654541938594
0.015065820953032676
0.01499593789398075
0.014926878435019936
0.014858625316699896
0.014791161805354822
0.014724471672092284
0.014658539172945632
0.014593349029922415
0.014528886412937139
0.014465136922680567
0.014402086574211456
0.014339721781348784
0.014278029341766333
0.014216996422906407
0.01415661054836901
0.01409685958496683
0.014037731730386053
0.013979215501366708
0.013921299722381247
0.013863973514909601
0.013807226287044084
0.01375104772363909
0.013695427776817466
0.013640356656897388
0.013585824823775421
0.013531822978514605
0.013478342055342677
0.013425373214083538
0.0133729078327423
0.013320937500449078
0.013269454010733756
0.013218449354939451
0.01316791571601179
0.013117845462514474
0.013068231142868864
0.013019065479710858
0.012970341364643076
0.01292205185300845
0.012874190159017054
0.01282674965096583
0.012779723846625356
0.012733106408847861
0.012686891141294244
0.012641071984325352
0.012595643011035206
0.012550598423476353
0.012505932548939898
0.012461639836418665
0.012417714853189748
0.012374152281520778
0.012330946915476064
0.012288093657785328
0.012245587516893445
0.012203423604088357
0.012161597130715886
0.012120103405475958
0.012078937831885232
0.01203809590567188
0.011997573212408272
0.01195736542512864
0.011917468302066596
0.011877877684460776
0.011838589494351294
0.011799599732645827
0.01176090447701157
0.011722499879962786
0.011684382166991693
0.011646547634765069
0.011608992649322624
0.011571713644392051
0.011534707119754063
0.011497969639606828
0.011461497830985589
0.011425288382289945
0.011389338041801728
0.011353643616273194
0.011318201969529377
0.011283010021131482
0.011248064745063291
0.011213363168476239
0.011178902370472945
0.011144679480883898
0.011110691679150695
0.011076936193144999
0.01104341029811001
0.011010111315578507
0.01097703661234551
0.010944183599454768
0.010911549731243399
0.010879132504369034
0.010846929456898309
0.010814938167368792
0.01078315625392874
0.010751581373525039
0.010720211221015378
0.01068904352838756
0.01065807606396423
0.010627306631637414
0.01059673307012923
0.010566353252250483
0.010536165084219307
0.010506166504928466
0.010476355485301372
0.010446730027648418
0.010417288165005511
0.010388027960494926
0.010358947506756097
0.010330044925318579
0.010301318366070174
0.010272766006641603
0.01024438605188865
0.010216176733333198
0.010188136308684804
0.010160263061282876
0.010132555299628808
0.010105011356881093
0.010077629590389688
0.01005040838122808
0.010023346133751393
0.009996441275150215
0.009969692255022946
0.009943097544946728
0.009916655638070539
0.009890365048707911
0.009864224311943712
0.009838231983278762
0.009812386638231373
0.009786686871972027
0.009761131298953452
0.009735718552585194
0.009710447284875155
0.009685316166107235
0.009660323884506728
0.009635469145919166
0.009610750673515864
0.009586167207469118
0.00956171750465363
0.009537400338364897
0.009513214498030444
0.009489158788916683
0.00946523203186808
0.009441433063053858
0.009417760733665227
0.009394213909698006
0.009370791471679109
0.009347492314424215
0.009324315346809452
0.009301259491523738
0.009278323684839258
0.0092555068763812
0.009232808028923704
0.00921022611815437
0.00918776013246302
0.009165409072748605
0.009143171952208137
0.009121047796127135
0.009099035641699598
0.009077134537818924
0.00905534354490504
0.009033661734713705
0.009012088190162398
0.00899062200514075
0.008969262284347895
0.008948008143128584
0.00892685870728741
0.008905813112940645
0.008884870506339931
0.008864030043739136
0.00884329089122191
0.008822652224558608
0.0088021132290437
0.008781673099370974
0.008761331039477458
0.008741086262413622
0.008720937990187643
0.008700885453653585
0.008680927892362411
0.008661064554443114
0.008641294696462767
0.008621617583317484
0.008602032488098488
0.00858253869197115
0.00856313548406647
0.008543822161347983
0.008524598028512563
0.008505462397879622
0.008486414589271641
0.00846745392990162
0.008448579754288369
0.00842979140413007
0.00841108822821389
0.008392469582313215
0.008373934829085817
0.008355483337986403
0.008337114485163251
0.008318827653361522
0.008300622231844586
0.008282497616288454
0.008264453208698739
0.008246488417321226
0.008228602656565229
0.008210795346912703
0.008193065914831632
0.008175413792706743
0.008157838418753397
0.008140339236924523
0.008122915696852749
0.008105567253765697
0.00808829336840937
0.00807109350698428
0.008053967141064251
0.008036913747527451
0.00801993280848238
0.008003023811204175
0.007986186248078925
0.007969419616508495
0.007952723418873013
0.007936097162444578
0.00791954035933458
0.007903052526430223
0.007886633185337041
0.007870281862312594
0.0078539980882094
0.007837781398419359
0.007821631332805749
0.007805547435659831
0.007789529255638737
0.0077735763457055015
0.0077576882630862485
0.007741864569211859
0.0077261048296565086
0.007710408614101353
0.007694775496279229
0.00767920505392049
0.007663696868705364
0.007648250526215196
0.007632865615889067
0.007617541730971675
0.007602278468470277
0.007587075429104862
0.00757193221726931
0.0075568484409839504
0.007541823711852444
0.007526857645012796
0.007511949859109004
0.007497099976239196
0.0074823076219174564
0.0074675724250329876
0.00745289401781065
0.0074382720357653665
0.007423706117679231
0.007409195905554115
0.007394741044568037
0.007380341183050673
0.00736599597243564
0.007351705067231607
0.007337468124983463
0.007323284806238177
0.007309154774517384
0.0072950776962714585
0.007281053240853297
0.007267081080485752
0.007253160890227154
0.007239292347938102
0.00722547513424944
0.007211708932540586
0.007197993428898757
0.0071843283120900615
0.007170713273527939
0.007157148007254566
0.0071436322099041666
0.007130165580670686
0.007116747821285872
0.007103378635986078
0.007090057731490984
0.007076784816975045
0.007063559604039984
0.007050381806683434
0.007037251141275551
0.007024167326543203
0.007011130083530231
0.006998139135583266
0.0069851942083234315
0.0069722950296163405
0.006959441329557999
0.006946632840444989
0.006933869296753685
0.0069211504351184
0.006908475994305129
0.006895845715183973
0.006883259340723204
0.006870716615953872
0.0068582172879513995
0.006845761105818946
0.00683334782066063
0.006820977185564591
0.006808648955578009
0.006796362887696081
0.006784118740833725
0.0067719162758061455
0.006759755255310179
0.006747635443909728
0.006735556608012598
0.006723518515855136
0.006711520937479114
0.006699563644715441
0.006687646411166926
0.006675769012187286
0.006663931224872286
0.006652132828033302
0.006640373602183524
0.006628653329523128
0.0066169717939195604
0.006605328780894447
0.006593724077602222
0.006582157472816261
0.006570628756915779
0.006559137721868979
0.006547684161213563
0.006536267870046295
0.006524888645004618
0.006513546284254403
0.006502240587473005
0.006490971355839013
0.006479738392009
0.006468541500111659
0.006457380485732113
0.006446255155897385
0.006435165319061617
0.006424110785088562
0.006413091365248675
0.00640210687219582
0.0063911571199606896
0.006380241923931573
0.006369361100851635
0.006358514468795725
0.006347701847164592
0.00633692305666851
0.006326177919318419
0.00631546625841046
0.006304787898514747
0.006294142665468246
0.00628353038635695
0.006272950889508586
0.00626240400447521
0.006251889562029557
0.00624140739415523
0.006230957334025913
0.006220539215998882
0.006210152875605776
0.006199798149544715
0.006189474875664584
0.006179182892957759
0.006168922041546115
0.0061586921626787345
0.0061484930987127095
0.006138324693105596
0.006128186790405786
0.00611807923624777
0.006108001877338639
0.006097954561448853
0.006087937137398148
0.006077949455056807
0.006067991365329514
0.006058062720146468
0.006048163372452115
0.006038293176204548
0.006028451986356707
0.0060186396588521795
0.006008856050620166
0.005999101019564063
0.005989374424550546
0.0059796761254064836
0.005970005982905355
0.005960363858759365
0.005950749615615015
0.005941163117044661
0.005931604227535555
0.005922072812484561
0.005912568738189378
0.005903091871841014
0.005893642081517675
0.005884219236177385
0.005874823205648124
0.005865453860617031
0.0058561110726322845
0.00584679471409045
0.005837504658229668
0.005828240779123535
0.005819002951674672
0.005809791051607525
0.005800604955459051
0.005791444540574999
0.005782309685102846
0.005773200267982326
0.005764116168940485
0.005755057268488562
0.005746023447912948
0.005737014589266893
0.005728030575366669
0.005719071289783578
0.005710136616842004
0.005701226441606907
0.005692340649881619
0.005683479128203229
0.005674641763832947
0.005665828444752961
0.005657039059659063
0.005648273497954867
0.0056395316497490945
0.005630813405845573
0.005622118657743095
0.005613447297624189
0.005604799218351551
0.0055961743134645865
0.005587572477173016
0.005578993604350832
0.005570437590530705
0.005561904331899452
0.005553393725291697
0.005544905668186651
0.005536440058702652
0.005527996795593247
0.005519575778240572
0.0055111769066506534
0.005502800081447979
0.005494445203872136
0.005486112175771153
0.005477800899599671
0.005469511278411264
0.005461243215854304
0.00545299661616885
0.005444771384182164
0.005436567425301997
0.005428384645515085
0.005420222951380587
0.005412082250026395
0.005403962449143706
0.005395863456985017
0.005387785182357762
0.005379727534619286
0.005371690423678804
0.005363673759984812
0.005355677454526662
0.005347701418828376
0.005339745564944488
0.005331809805457552
0.00532389405347192
0.0053159982226120535
0.005308122227017834
0.005300265981338354
0.00529242940073344
0.005284612400866708
0.005276814897901236
0.005269036808497712
0.005261278049805597
0.005253538539467151
0.005245818195608377
0.00523811693683753
0.005230434682241481
0.00522277135138205
0.005215126864291895
0.005207501141471784
0.0051998941038882375
0.005192305672967591
0.005184735770594363
0.005177184319108242
0.0051696512412988
0.005162136460405223
0.0051546399001101886
0.00514716148453758
0.005139701138249195
0.005132258786242874
0.0051248343539486325
0.0051174277672241695
0.0051100389523541165
0.005102667836045354
0.005095314345424826
0.005087978408035577
0.005080659951835684
0.00507335890519342
0.005066075196885853
0.0050588087560924895
0.005051559512397074
0.005044327395780749
0.005037112336623768
0.005029914265699076
0.005022733114170383
0.00501556881358968
0.005008421295894285
0.00500129049340434
0.004994176338820116
0.004987078765219535
0.004979997706054675
0.004972933095150821
0.004965884866701691
0.004958852955268471
0.004951837295777174
0.004944837823515413
0.004937854474130506
0.004930887183625189
0.004923935888359405
0.00491700052504472
0.004910081030741316
0.004903177342857126
0.004896289399144953
0.004889417137700162
0.0048825604969578934
0.004875719415691935
0.00486889383301136
0.004862083688357451
0.004855288921503642
0.00484850947255177
0.004841745281930948
0.004834996290393489
0.004828262439014302
0.004821543669188317
0.004814839922629285
0.004808151141365195
0.004801477267738655
0.00479481824440245
0.004788174014320008
0.004781544520761441
0.0047749297073018514
0.004768329517819269
0.004761743896494199
0.0047551727878059145
0.004748616136530221
0.0047420738877380665
0.00473554598679508
0.004729032379356831
0.004722533011368758
0.0047160478290638914
0.004709576778960623
0.004703119807860949
0.004696676862849062
0.004690247891289359
0.004683832840824318
0.004677431659372058
0.004671044295125615
0.004664670696551416
0.004658310812385007
0.004651964591633456
0.004645631983569759
0.004639312937733307
0.004633007403926603
0.004626715332215595
0.004620436672926039
0.004614171376641748
0.004607919394204935
0.004601680676715013
0.004595455175522132
0.004589242842229854
0.00458304362869351
0.004576857487016567
0.004570684369549654
0.004564524228889589
0.004558377017877176
0.0045522426895968264
0.004546121197373104
0.004540012494770929
0.004533916535592759
0.004527833273878853
0.004521762663904045
0.0045157046601760715
0.004509659217435666
0.004503626290653556
0.004497605835030034
0.0044915978059930336
0.004485602159196744
0.004479618850520558
0.0044736478360669525
0.004467689072160966
0.004461742515348589
0.004455808122395668
0.004449885850284169
0.00444397565621355
0.004438077497598551
0.004432191332068366
0.004426317117463816
0.004420454811837059
