0.008149349202369014
0.008099944418284816
0.008010016404889908
0.008057061729932676
0.00791218220124292
0.007843883180516736
0.008116636459781367
0.007818633239026122
0.007689798136701572
0.007570882639275979
0.007677742571765883
0.007499619170218276
0.007503742044694556
0.007419871460039621
0.007416091094797376
0.00749299390764051
0.0072347894654684495
0.007268593578942678
0.007143391186747118
0.007220610432321018
0.007071476722205869
0.0070560956884420725
0.006998808656377119
0.006914193982539801
0.006945180717586404
0.007056902046969008
0.006816371799234541
0.006800436188002239
0.006784754415991078
0.024792294524336678
0.03572466391117852
0.042751677499772545
0.046749880102061346
0.05230438657722218
0.05598314111786716
0.0610203489349604
0.06423000270567528
0.06534775319512677
0.06853872410566646
0.06973843524801267
0.07017817757408493
0.0713419643259125
0.07702884623745462
0.07294023402085215
0.07339401814019604
0.07267434649074253
0.07310600215642213
0.07330977184661285
0.07168414698365086
0.07115006033053903
0.07013235527959828
0.06880657575058645
0.06828547382273305
0.06722489991769892
0.06578117239281102
0.06493023103389144
0.06399612531587522
0.06283758368344096
0.06226003510659648
0.06116530981429958
0.060180646565724555
0.05960794789811994
0.059022130861806195
0.05812733476427349
0.05826930698153414
0.05885628037685395
0.05620891660014909
0.05460985205916287
0.053796706513870717
0.0530434255169668
0.05206846957848597
0.05149503659897915
0.050863804199765855
0.050143606468319314
0.049855583608534704
0.049279486432254375
0.04865618613516762
0.048555113223381664
0.047631873573454525
0.0482390712154155
0.0472527668833743
0.047384410604766426
0.0477525081481074
0.0466103796358305
0.04641370007147939
0.04658428134797059
0.04672550915381171
0.047541524889321
0.04894198055651944
0.04810622315707776
0.049817832978393574
0.051539993176442624
0.050676641426333865
0.05118022684252682
0.051680838132847774
0.04819105390977027
0.046328090362061765
0.0449781927481665
0.04440859354650096
0.043157970081261966
0.04242979891616493
0.04212800923643744
0.04125516596433968
0.04078135144718981
0.04026712717229729
0.04014505697066549
0.0394071113353553
0.039051309895222736
0.03959108410799716
0.0384038796265345
0.03823884160527018
0.03802749068392631
0.037947759116149504
0.03753475286659134
0.03689812725569195
0.03717766712506461
0.036506287073249905
0.03726929629440088
0.036052646836694735
0.03610176388157872
0.03573070546513813
0.035699384819183076
0.03557135059682646
0.03555592962582704
0.03515617425220895
0.03519428752731467
0.035210097871367495
0.035226227846794
0.035631444411867864
0.03619396401685205
0.03673691652965589
0.03730769252161415
0.038445861638830243
0.0396163457613906
0.042809193510290104
0.04359751511602348
0.047992721161632244
0.048994581929026434
0.052517219966109856
0.05619775879369373
0.059384540747804665
0.06434420173547707
0.06655943165670573
0.0702174882625452
0.0595917883380351
0.05408241115214689
0.05059942625716691
0.04815352242733388
0.046543693174434055
0.04426903171761574
0.04309319060732816
0.04158451875057729
0.04056715178127268
0.03961712546283695
0.03854563230456084
0.03757462240313713
0.036860983789156934
0.036156846758600154
0.03542065994984754
0.03470637322316921
0.03416706012181284
0.033624664303138825
0.03306162582610158
0.03281642624223501
0.03207719016037379
0.03164462627292157
0.031193862315839333
0.030929171349421036
0.0303966377055079
0.030044205737416695
0.030437676998563312
0.02945026388375951
0.029381030267773747
0.028726193511343784
0.02870637007761433
0.028238367731617257
0.028129900284671074
0.02816620452234591
0.027621065534700638
0.02723633948861939
0.027171465618186397
0.02741191589563433
0.026783551948047213
0.026412979149695957
0.026487596941677825
0.025966042778137324
0.027353770756108002
0.025759967113712322
0.02547884820141621
0.025360693917735773
0.02521005630128163
0.02541657635540746
0.024979065985459264
0.024913799808083458
0.024793055414667975
0.024624771738355988
0.02468521129090705
0.024389368584760613
0.02430407266139805
0.024445066871621682
0.02420152749067175
0.02420998404377922
0.024167890650599898
0.02405442228355265
0.023925986531390737
0.023945709034744824
0.023934634962357364
0.023878005868826564
0.024132202771204894
0.023851433302661432
0.023881084006220816
0.02386966219649932
0.02420862976046328
0.023941232575919846
0.02403483212702214
0.024084903285250914
0.02410786398777569
0.02434396108271377
0.024618534748116202
0.02482771064835706
0.02500144888307931
0.026216680342626565
0.025876363146392373
0.026631216381025724
0.027561278827137298
0.02921393346678174
0.031788636012476425
0.03664849262907998
0.03698765719778118
0.03992487384740086
0.04540519380221194
0.05250133768173902
0.05759213092287576
0.06323799250175037
0.0742321354052554
0.07823660530138409
0.08659819199758133
0.0980965827380412
0.10384172428456602
0.09810063215620486
0.08006502945346611
0.07161836002284634
0.06585434556398398
0.06145497259722587
0.05789509930294057
0.05490694044800152
0.052334131333393374
0.050077021218228636
0.04806805933471962
0.046259292462946584
0.04461543393214292
0.04310975804814886
0.04172153725910741
0.04043437330468993
0.039235071822277374
0.03811286023012701
0.03705883058326194
0.03606553404316376
0.03512667956083698
0.0342369064577244
0.03339161018609306
0.03258680696752363
0.03181902731003932
0.03108523139574465
0.030382741083165417
0.029709184871936516
0.029062452972007623
0.028440660087653804
0.027842114756617388
0.027265293690532537
0.0267088201737338
0.026171445857491638
0.025652035216642707
0.025149552392266347
0.02466304978364619
0.024191658340427566
0.023734578989890676
0.02329107533036102
0.022860467270852693
0.022442125336762268
0.02203546573323613
0.02163994603161992
0.021255061330268037
0.02088034081673527
0.02051534474300286
0.020159661735246328
0.01981290637303424
0.019474717043929363
0.019144753985296102
0.018822697543673276
0.018508246564782022
0.01820111703572645
0.017901040753908345
0.01760776416632403
0.017321047273031413
0.017040662721488308
0.016766394883996
0.016498039046565258
0.01623540069576949
0.015978294808237974
0.01572654525599345
0.01547998422190566
0.015238451702689748
0.015001794981886928
0.01476986818785847
0.014542531917079299
0.014319652819334837
0.01410110327013991
0.013886760990674067
0.013676508800425584
0.03404191811909098
0.05203640759763235
0.07055567585968109
0.07322846970982555
0.08081182006283165
0.08601833071949046
0.09324398035597008
0.09327356758744842
0.09552228357083037
0.096284671812456
0.09871563433672628
0.09617695339134687
0.09549922448206055
0.09402639261107106
0.09576542396929756
0.09077360738850539
0.08915111843491236
0.08714399421019346
0.08496834960595628
0.08364337891845768
0.08272158856084194
0.08085688943030205
0.07856768139305441
0.07675988986958547
0.0755574553140432
0.07431312705465233
0.07302633004598394
0.07234079998883963
0.07084788809953331
0.06990881353551381
0.07106798933351541
0.0683327551664772
0.0680796785663217
0.06651385933363364
0.06644796008540757
0.06526324535193251
0.06518368523228009
0.06376899969090467
0.0631266397838109
0.0628033503073531
0.061987950105413345
0.061495308564567766
0.06094825818801906
0.06035656743602915
0.060010201053886755
0.05968655446660388
0.05923069569222319
0.058619395133991954
0.05802971193153451
0.0576869849357369
0.057294534965073085
0.056834768194881986
0.05688555154152926
0.05604637733835082
0.05570860711886806
0.055314051301026984
0.055448910432864984
0.0546341682706226
0.05435457411951631
0.05400738660265645
0.05361189215366061
0.05344490059446608
0.05333522134058731
0.05303478524893405
0.05255360973359728
0.05213363358624277
0.051930966734837256
0.05168063362859579
0.05136841111181185
0.05150297911375673
0.050849457753770345
0.05063447835776354
0.05036854930300852
0.05054054129403732
0.049924332864610024
0.04975228921437156
0.04951968831451927
0.04924157826603055
0.049169236829071504
0.04918206666618974
0.04900677974697538
0.04859414033872657
0.04827250947469029
0.04816779672124428
0.04801697846543054
0.04779410676789827
0.04754423888786205
0.04745873449177114
0.04734252175273847
0.0471595150543
0.04693656265813057
0.04690252221420943
0.04687932663601455
0.04672326336488956
0.046468887817672555
0.0462332805895986
0.04616261369960069
0.04605401714497719
0.045900113950046326
0.04598032341856656
0.04567100547536014
0.045591399083811684
0.04547267743711814
0.04559056109224073
0.04530588089487335
0.045263705568449414
0.04517515471443234
0.04504695058728731
0.0450957226017762
0.04519461746182193
0.04518425603179251
0.044961128315269924
0.044783366698882325
0.04483275442850622
0.044844024318274056
0.04476004161088621
0.044640870795970955
0.04474210164852326
0.044853358272748445
0.04480767997452439
0.044677821272145986
0.057878988433046286
0.044641254437015845
0.04467501411573818
0.044668248889803926
0.04488128418876521
0.044751969059331716
0.044840543507422184
0.0597489541709413
0.045180058310959954
0.04511767329276708
0.04529536380909892
0.04544768832316474
0.04634500060067398
0.04597292506658274
0.04645452539618525
0.046951102131162686
0.0474235322446433
0.04807465244018408
0.04940323807822843
0.051136487328927255
0.053249263766636634
0.055903236245179976
0.060283303040974366
0.06612305255357191
0.0723673554355785
0.07882916110800088
0.08639743987670719
0.0967467809246754
0.10757086075404437
0.1181250429091271
0.13427804147879868
0.13991565219917199
0.1208879947474274
0.10602161665022727
0.09770120220537612
0.09183250156148345
0.08729494335697253
0.0836001936730845
0.08048822812760668
0.07780334881847478
0.07544472779050226
0.07334327626551537
0.07144958097705904
0.06972708831652219
0.06814800890112808
0.06669073315386849
0.06533813391651065
0.06407641381204339
0.0628943000478314
0.06178246822248082
0.0607331211544499
0.05973967525653016
0.05879652326433542
0.057898851930895084
0.05704250016357272
0.05622384739522297
0.05543972470922194
0.054687343393764055
0.053964236999574096
0.05326821399302523
0.0525973187385793
0.05194979913031236
0.051324079515606365
0.050718737985302284
0.05013248715708139
0.04956415788654679
0.04901268531480493
0.04847709692264661
0.047956502222175505
0.04745008384871884
0.04695708983590728
0.046476826855550595
0.046008654306388494
0.045551979127186795
0.045106251238338266
0.0446709594992033
0.0442456281342778
0.04382981356796141
0.04342310156656529
0.04302510474349665
0.04263546027160746
0.04225382786752733
0.04187988795702218
0.04151334003282345
0.04115390117063735
0.04080130467665726
0.04045529888077282
0.04011564602183505
0.03978212123340184
0.03945451163285834
0.03913261548588655
0.03881624143677958
0.038505207794552423
0.03819934191034065
0.03789847956946123
0.03760246445952842
0.03731114766214378
0.037024387191286603
0.036742047569925475
0.03646399943596943
0.036190119169389655
0.035920288567594286
0.03565439452037805
0.0353923287213052
0.035133987400348635
0.03487927107030807
0.03462808429372589
0.03438033546340149
0.03413593659147796
0.033894803129378516
0.03365685378551425
0.03342201035179
0.033190197553835836
0.032961342903855884
0.032735376567184095
0.03251223122409385
0.03229184195033532
0.03207414611015989
0.03185908324068644
0.03164659495649047
0.03143662485203832
0.03122911841422339
0.031024022933635532
0.030821287422468438
0.030620862546843364
0.030422700549958926
0.030226755188779077
0.03003298166524189
0.029841336562614104
0.02965177779582579
0.02946426455098949
0.029278757239291506
0.029095217442437815
0.028913607869565778
0.028733892309524525
0.028556035593696797
0.028380003549863
0.028205762968657858
0.02803328156525212
0.0278625279482067
0.027693471576229887
0.027526082738653788
0.027360332515298968
0.027196192756531512
0.02703363605224937
0.026872635705778133
0.026713165706666472
0.026555200709065585
0.026398716009661136
0.026243687523940507
0.026090091766504772
0.02593790583141925
0.025787107371425585
0.025637674578188618
0.025489586165294714
0.025342821356379688
0.025197359864109606
0.025053181874720262
0.024910268034006127
0.02476859943256552
0.024628157592058077
0.024488924452146815
0.024350882358363156
0.02421401404908623
0.024078302643017316
0.023943731630479966
0.023810284856924924
0.0236779465166535
0.023546701145010594
0.02341653360442141
0.023287429077017495
0.023159373053587163
0.0230323513241157
0.022906349972396132
0.02278135536854572
0.022657354157507376
0.022534333254888576
0.02241227983659919
0.022291181333766872
0.022171025424561393
0.022051800028688145
0.021933493301670937
0.021816093626850202
0.021699589610669204
0.02158397007634983
0.021469224060259067
0.021355340801753744
0.021242309740126756
0.02113012051249792
0.021018762947746177
0.02090822705827027
0.020798503040402302
0.020689581266225797
0.02058145227997258
0.020474106794720278
0.02036753568859765
0.020261730000702742
0.02015668092484281
0.02005237980988203
0.01994881815300439
0.019845987598194656
0.01974387993108542
0.019642487076333717
0.019541801093819235
0.019441814178970795
0.019342518656010374
0.01924390697645842
0.019145971715449156
0.019048705570040857
0.018952101355390872
0.018856152004186274
0.018760850561858708
0.018666190185101638
0.018572164139976578
0.018478765797763946
0.01838598863509455
0.018293826230482854
0.01820227226101707
0.01811132050270825
0.018020964827453443
0.01793119920027916
0.017842017678124406
0.017753414407716963
0.017665383623865785
0.01757791964830333
0.017491016886438986
0.017404669826813865
0.017318873039509877
0.017233621174531814
0.0171489089587599
0.017064731195510063
0.016981082764405683
0.01689795861750114
0.01681535377987216
0.01673326334672736
0.016651682482716777
0.01657060642096874
0.01649003046055232
0.0164099499660356
0.016330360367477925
0.01625125715656529
0.016172635887381014
0.016094492175107233
0.016016821694276245
0.015939620177955402
0.01586288341667381
0.0157866072577476
0.015710787603690074
0.01563542041103767
0.01556050169051239
0.015486027504623577
0.01541199396836537
0.015338397246306687
0.015265233553369666
0.015192499153267364
0.015120190357844069
0.015048303526549582
0.01497683506462993
0.014905781422576632
0.014835139095852063
0.014764904624606735
0.014695074592096567
0.014625645623906983
0.014556614387918448
0.014487977592998838
0.014419731988315199
0.0143518743634317
0.014284401546120375
0.014217310403643497
0.014150597840594626
0.014084260798820802
0.014018296256538457
0.013952701228656078
0.013887472765386362
0.013822607952015845
0.013758103908463756
0.013693957787164281
0.013630166774477719
0.013566728089944989
0.013503638985066816
0.013440896743449327
0.013378498679081462
0.013316442137520531
0.013254724494485002
0.01319334315530985
0.013132295554766544
0.013071579156384282
0.013011191452244275
0.012951129962779568
0.012891392235462689
0.012831975845478209
0.012772878394422848
0.012714097510438824
0.01265563084795806
0.012597476086710266
0.012539630931843296
0.012482093113248117
0.01242486038508278
0.012367930525689803
0.012311301337436993
0.012254970646172753
0.012198936301015751
0.012143196173496405
0.012087748157984673
0.012032590170689124
0.01197772014931005
0.011923136053514392
0.011868835864157322
0.011814817582734699
0.011761079231485479
0.011707618853160491
0.011654434510464566
0.011601524285816999
0.01154888628106302
0.011496518617445786
0.011444419434999407
0.011392586892640331
0.011341019167448166
0.01128971445472432
0.01123867096769449
0.011187886937402112
0.011137360612177034
0.011087090258097112
0.01103707415802336
0.01098731061135298
0.010937797933892462
0.010888534458119416
0.010839518532250224
0.010790748520629995
0.010742222803523127
0.010693939776526148
0.010645897850614696
0.010598095451783808
0.010550531020621739
0.01050320301294098
0.010456109898690556
0.010409250162251341
0.010362622302046948
0.010316224830664597
0.01027005627431207
0.010224115172693393
0.010178400079338224
0.010132909561066319
0.010087642197166253
0.010042596580419089
0.009997771316286642
0.009953165022718627
0.009908776330070122
0.009864603881133006
0.009820646330710628
0.009776902345954484
0.00973337060589518
0.00969004980089321
0.009646938633085267
0.009604035816083425
0.00956134007483744
0.009518850145387045
0.009476564774846843
0.009434482720939448
0.00939260275247032
0.009350923648733694
0.00930944419947331
0.009268163205220899
0.009227079476224824
0.009186191833348999
0.009145499107260494
0.009105000138415795
0.009064693777234624
0.0090245788839416
0.008984654328087453
0.008944918988637886
0.008905371753832996
0.008866011521393
0.008826837198189486
0.008787847700130436
0.008749041952086093
0.008710418887324692
0.008671977448355945
0.008633716586154644
0.008595635260133391
0.008557732438326766
0.008520007096798789
0.008482458219991355
0.00844508480043521
0.008407885838999042
0.008370860344308152
0.008334007332969396
0.00829732582933616
0.008260814865425422
0.008224473481000511
0.008188300723340267
0.008152295647211621
0.008116457314703267
0.008080784795240825
0.008045277165414543
0.008009933508992973
0.007974752916783883
0.007939734486615342
0.007904877323257434
0.007870180538213999
0.007835643250047179
0.007801264583849933
0.007767043671323652
0.007732979650765694
0.0076990716671196694
0.007665318871450952
0.007631720421303962
0.00759827548045068
0.007564983218943722
0.007531842813035209
0.00749885344511182
0.007466014303562397
0.0074333245827639125
0.00740078348302458
0.0073683902105085835
0.007336143977137152
0.007304044000452226
0.007272089503786462
0.00724027971622384
0.0072086138721351905
0.007177091211521912
0.007145710979922418
0.007114472428328304
0.007083374812790338
0.007052417394742392
0.007021599440901831
0.0069909202232523735
0.00696037901884265
0.006929975109739044
0.006899707783288523
0.006869576331605758
0.0068395800517285785
0.00680971824565224
0.006779990220046418
0.006750395286642672
0.006720932761758826
0.006691601966459492
0.006662402226538952
0.00663333287237724
0.006604393238809311
0.006575582665271333
0.00654690049574786
0.006518346078538666
0.006489918766376075
0.006461617916465191
0.0064334428901361455
0.0064053930530699466
0.006377467775183952
0.006349666430669198
0.006321988397812497
0.006294433058984557
0.006266999800707694
0.006239688013484251
0.006212497091889659
0.006185426434310592
0.00615847544328104
0.006131643525077198
0.006104930089815304
0.006078334551534253
0.006051856328092515
0.006025494841075739
0.005999249515728391
0.005973119780929754
0.005947105069308876
0.005921204817189841
0.005895418464395158
0.005869745454343457
0.005844185234009337
0.005818737253804113
0.005793400967551175
0.005768175832576356
0.005743061309668798
0.005718056862986845
0.005693161959979354
0.005668376071280886
0.005643698671069606
0.005619129236590931
0.00559466724839921
0.00557031219023506
0.005546063549053726
0.005521920814907815
0.005497883481039006
0.005473951043736959
0.005450123002335683
0.005426398859231504
0.005402778119867243
0.0053792602926795744
0.005355844889007297
0.005332531423122741
0.005309319412277263
0.005286208376666032
0.0052631978392410975
0.005240287325865515
0.005217476365177509
0.005194764488601099
0.0051721512303851275
0.005149636127532145
0.005127218719754309
0.005104898549473812
0.005082675161802577
0.005060548104479273
0.00503851692791202
0.005016581185149964
0.00499474043182418
0.00497299422612518
0.004951342128808646
0.004929783703202433
0.004908318515055849
0.004886946132722566
0.004865666126937669
0.00484447807094516
0.004823381540403962
0.004802376113424397
0.004781461370497867
0.004760636894517561
0.00473990227069077
0.0047192570866468105
0.004698700932236245
0.00467823339967424
0.004657854083466578
0.004637562580370632
0.0046173584894040436
0.0045972414118012625
0.004577210951026831
0.004557266712732302
0.004537408304815656
0.004517635337297669
0.004497947422359912
0.00447834417429866
0.004458825209529432
0.004439390146561527
0.004420038606009484
0.004400770210581627
0.004381584585088476
0.004362481356291603
0.004343460152966434
0.004324520605972143
0.004305662348089866
0.004286885014143275
0.004268188240927006
0.004249571667134585
0.004231034933379625
0.004212577682250141
0.004194199558233895
0.0041759002077220424
0.004157679278979632
0.00413953642212518
0.0041214712891645515
0.00410348353390365
0.00408557281203402
0.004067738780991953
0.004049981100061941
0.004032299430319742
0.004014693434557064
0.003997162777346614
0.003979707125075383
0.003962326145814512
0.003945019509406447
0.003927786887368898
0.003910627952903669
0.00389354238096181
0.0038765298481158793
0.0038595900326248217
0.003842722614410685
0.0038259272750124492
0.0038092036976164604
0.0037925515670225386
0.003775970569663375
0.0037594603935620107
0.0037430207283408873
0.003726651265166923
0.003710351696790118
0.0036941217175166115
0.003677961023164592
0.0036618693111418726
0.003645846280370153
0.0036298916312731124
0.0036140050657665853
0.0035981862872600636
0.00358243500064014
0.003566750912302761
0.003551133730067018
0.0035355831632315447
0.0035200989225483586
0.0035046807201679904
0.003489328269716868
0.0034740412861945674
0.003458819486011514
0.003443662586993442
0.0034285703083156973
0.0034135423705871915
0.0033985784957649683
0.0033836784071635704
0.003368841829450572
0.0033540684886251425
0.003339358112051878
0.003324710428370578
0.003310125167603526
0.00329560206105092
0.0032811408413079557
0.0032667412422766385
0.003252402999128498
0.0032381258483310887
0.0032239095276166054
0.003209753775963071
0.0031956583336026864
0.0031816229420042427
0.0031676473438876024
0.003153731283215147
0.0031398745051546607
0.003126076756083421
0.0031123377835972407
0.0030986573365016394
0.0030850351647942853
0.0030714710196506315
0.0030579646534089054
0.0030445158195801353
0.003031124272829358
0.0030177897689917525
0.0030045120650418642
0.002991290919103198
0.0029781260904601105
0.0029650173394863513
0.0029519644276860134
0.002938967117687529
0.0029260251732254297
0.002913138359129011
0.0029003064413355923
0.002887529186818398
0.0028748063636736994
0.002862137741091121
0.002849523089318272
0.0028369621796654606
0.0028244547844875553
0.002812000677167801
0.0027995996321660806
0.002787251424981539
0.002774955832138295
0.002762712631154528
0.0027505216005967864
0.002738382520045708
0.0027262951700776257
0.002714259332287103
0.002702274789260317
0.0026903413245553437
0.0026784587227423637
0.0026666267693663008
0.002654845250954686
0.0026431139549726325
0.0026314326698363825
0.0026198011849424816
0.0026082192906396583
0.0025966867782394984
0.0025852034399812943
0.0025737690690228556
0.00256238345946196
0.00255104640633737
0.002539757705603845
0.0025285171541172186
0.002517324549644284
0.002506179690860572
0.0024950823773433168
0.0024840324095678325
0.0024730295888696773
0.002462073717490188
0.002451164598568515
0.002440302036101508
0.002429485834956127
0.002418715800865542
0.002407991740411872
0.0023973134610467206
0.002386680771087879
0.0023760934796715574
0.002365551396774403
0.0023550543332316906
0.0023446021007144176
0.0023341945117095813
0.0023238313795228087
0.0023135125183040874
0.0023032377429955484
0.0022930068693675647
0.0022828197139680927
0.0022726760941592255
0.002262575828112778
0.0022525187347787745
0.0022425046339054535
0.002232533346029158
0.0022226046924765067
0.0022127184953364067
0.002202874577482164
0.0021930727625491643
0.0021833128749377158
0.0021735947398069484
0.0021639181830757867
0.0021542830314105884
0.0021446891122408464
0.0021351362537327364
0.0021256242847948275
0.002116153035080973
0.00210672233495899
0.0020973320155464907
0.0020879819086840486
0.002078671846924436
0.0020694016635367544
0.002060171192518028
0.002050980268574712
0.002041828727132945
0.0020327164043028798
0.002023643136908529
0.0020146087624634532
0.002005613119186686
0.0019966560459726357
0.0019877373824055133
0.001978856968764248
0.001970014645995839
0.001961210255722673
0.0019524436402505686
0.001943714642546214
0.0019350231062569697
0.0019263688756843156
0.0019177517957933003
0.001909171712203347
0.0019006284711814547
0.017174461336486237
0.029697673661593767
0.03515807829949736
0.039119690020285786
0.04279630737434348
0.04146843220117958
0.04212833406968514
0.03892614642337113
0.037367533089634454
0.03635769283346355
0.034552408474419274
0.033480068418015166
0.032514807958341066
0.03152404308598124
0.030648828502556288
0.030152909928112186
0.02934853993604084
0.028831002587198253
0.028574631584819796
0.027993491582609706
0.027701874109093128
0.027451370641922487
0.027038516844278528
0.026637539119274238
0.02747352365432397
0.02605747659738558
0.025819852047487275
0.02557390746140527
0.02545743960533405
0.025163178584652637
0.024994263695821792
0.024814157637825223
0.0249239417646827
0.024524412453518562
0.02443921756131752
0.024333159309441448
0.024154640365879162
0.023978579684071664
0.023936757880271515
0.024001904902792633
0.02386156974910602
0.023626511879336273
0.02347704270660593
0.023437253965409778
0.0233848169161767
0.02329718438883504
0.02319695325919944
0.023205551944183285
0.023322120772334868
0.023357812223739297
0.023089523676583793
0.022986303945903702
0.02301587059757558
0.02305286187066758
0.023003826258061504
0.02293393936640321
0.02288281041639814
0.022910594003180018
0.02292823197726394
0.02293227284171872
0.02305833827862206
0.02299761937080842
0.023061933623805018
0.023113773288367886
0.023155783701278625
0.02330224832070055
0.02356179564144098
0.023436053819185048
0.023780652817062604
0.023819196665055754
0.025334886130206808
0.024373279858696504
0.02495258524570848
0.025868524559310987
0.027607349082730773
0.030745899915379186
0.033542838219875984
0.04119131644387825
0.04574215615609839
0.0525118925160947
0.060694002658101785
0.06266257892516737
0.049563252322941245
0.044794614445243366
0.04175823651152409
0.039538065037133245
0.037795755944369826
0.03636701136958232
0.03515939335857321
0.03411574416947276
0.03319829243794344
0.03238080770618437
0.031644356582974216
0.0309748422730794
0.03036149801038375
0.02979592286005392
0.029271441614058088
0.028782666517067224
0.028325189151575024
0.02789535881595441
0.02749011989135907
0.02710689036954062
0.02674346968588692
0.026397967795368037
0.02606874989825461
0.025754392862754872
0.025453650508069695
0.025165425679926787
0.02488874758974738
0.024622753276774916
0.02436667232824623
0.024119814196462797
0.023881557603479923
0.023651341636336653
0.02342865822002603
0.02321304572141288
0.023004083487402308
0.022801387158989817
0.02260460463255912
0.0224134125653007
0.02222751333885583
0.02204663241175436
0.02187051600196733
0.021698929052702973
0.021531653439722895
0.021368486387314544
0.02120923906540544
0.021053735341813568
0.020901810671186308
0.02075331110204904
0.02060809238798416
0.02046601918979532
0.020326964357666046
0.02019080828413972
0.02005743831972846
0.01992674824357662
0.019798637783776083
0.019673012181447954
0.0195497817936612
0.01942886173187385
0.019310171531568592
0.019193634850035772
0.019079179189404123
0.01896673564255293
0.01885623865989933
0.018747625834430584
0.01864083770401656
0.018535817568817226
0.018432511322643903
0.01833086729714327
0.018230836117291628
0.018132370567451036
0.018035425467352262
0.017939957556578186
0.017845925387139396
0.017753289223677162
0.017662010950247546
0.01757205398341471
0.017483383191113342
0.01739596481683767
0.017309766408664776
0.01722475675291923
0.017140905811833126
0.017058184665216674
0.01697656545555606
0.016896021336683564
0.01681652642540592
0.016738055755801874
0.01666058523650232
0.016584091610219103
0.016508552415693854
0.016433945951809165
0.016360251243626542
0.0162874480103182
0.016215516634920706
0.016144438135674666
0.01607419413882005
0.01600476685297577
0.015936139044754438
0.015868294015669956
0.01580121558030253
0.01573488804542345
0.01566929619030696
0.015604425247878096
0.015540260886969203
0.015476789195305467
0.015413996663266085
0.015351870168631909
0.015290396961867278
0.015229564652189456
0.01516936119419358
0.015109774875205479
0.015050794303148879
0.014992408394905274
0.014934606365264856
0.014877377716430011
0.014820712227898556
0.01476459994674409
0.01470903117837353
0.014653996477743856
0.01459948664080754
0.014545492696446742
0.014492005898704896
0.014439017719309164
0.014386519840501827
0.014334504148196054
0.014282962725424566
0.014231887845986326
0.014181271968370868
0.014131107729977232
0.014081387941450283
0.014032105581378811
0.013983253791101326
0.01393482586965425
0.01388681526906021
0.013839215589693971
0.013792020575873457
0.013745224111550441
0.013698820216232234
0.013652803040967897
0.013607166864558458
0.01356190608990748
0.013517015240392154
0.013472488956522841
0.013428321992587575
0.013384509213497212
0.013341045591672863
0.013297926204107212
0.013255146229455207
0.013212700945301832
0.013170585725500939
0.013128796037495102
0.013087327439914382
0.01304617558012349
0.013005336191841448
0.012964805092951363
0.012924578183251219
0.012884651442368555
0.01284502092768029
0.01280568277236749
0.012766633183462064
0.012727868440014946
0.012689384891262095
0.012651178954851985
0.012613247115229317
0.012575585921952025
0.012538191988066587
0.012501061988613643
0.01246419265910852
0.012427580794109072
0.012391223245785935
0.012355116922563978
0.012319258787799402
0.012283645858475137
0.012248275203974793
0.012213143944822386
0.012178249251567413
0.012143588343593525
0.01210915848801125
0.012074956998610742
0.012040981234750317
0.012007228600391794
0.011973696543073514
0.011940382552945017
0.011907284161860513
0.011874398942431832
0.01184172450714562
0.011809258507474042
0.011776998633081123
0.011744942610985897
0.011713088204762587
0.011681433213749098
0.011649975472316266
0.011618712849119162
0.011587643246380265
0.011556764599192514
0.01152607487484375
0.011495572072162747
0.011465254220832045
0.01143511938080074
0.011405165641659382
0.01137539112203655
0.011345793969012075
0.011316372357577513
0.011287124490037647
0.011258048595501993
0.011229142929356077
0.011200405772724221
0.011171835431967776
0.011143430238217455
0.011115188546877396
0.011087108737182166
0.011059189211726507
0.011031428396028832
0.011003824600226284
0.01097637622147744
0.010949081966533606
0.010921940348260465
0.010894949900348528
0.010868109176969697
0.010841416752383112
0.010814871220527105
0.010788471194694033
0.010762215307203457
0.010736102209008027
0.010710130569392922
0.010684299075617723
0.010658606432626056
0.010633051362718115
0.010607632605232979
0.010582348916258196
0.010557199068338288
0.010532181850165105
0.010507296066333015
0.010482540537035744
0.010457914097817746
0.010433415599295918
0.010409043906891182
0.01038479790060324
0.010360676474726964
0.010336678537662874
0.010312803011638444
0.010289048832487295
0.01026541494942223
0.010241900324811691
0.010218503933963891
0.01019522476491444
0.010172061818217778
0.010149014106738926
0.01012608065545444
0.010103260501268184
0.010080552692791745
0.010057956290171678
0.010035470364915531
0.010013093999684825
0.009990826288127764
0.009968666334723224
0.009946613254592234
0.009924666173335685
0.009902824226868875
0.009881086561256459
0.009859452332559748
0.009837920706687113
0.009816490859245922
0.00979516197536364
0.009773933249563828
0.009752803885619858
0.009731773096424819
0.009710840103848858
0.00969000413859072
0.00966926444005527
0.009648620256222021
0.009628070843523392
0.009607615466710321
0.009587253398735087
0.009566983920624963
0.00954680632135879
0.009526719897766744
0.009506723954408701
0.009486817803451333
0.009467000764574835
0.009447272164841137
0.009427631338620972
0.009408077627463473
0.009388610380003262
0.00936922895185855
0.009349932705530703
0.009330721010308025
0.009311593242165404
0.009292548783682228
0.009273587023946839
0.009254707358459182
0.009235909189039096
0.009217191923752182
0.009198554976818053
0.009179997768515188
0.009161519725110888
0.00914312027877186
0.009124798867485939
0.009106554934997426
0.009088387930710273
0.009070297309618077
0.009052282532225694
0.00903434306448271
0.009016478377702168
0.008998687948497406
0.008980971258714408
0.00896332779535506
0.008945757050512107
0.008928258521300955
0.008910831709796027
0.008893476122965571
0.008876191272600174
0.008858976675266379
0.008841831852232987
0.00882475632941817
0.008807749637322011
0.008790811310972783
0.008773940889873
0.008757137917932655
0.008740401943426996
0.00872373251892486
0.0087071292012414
0.008690591551392377
0.008674119134535864
0.008657711519922864
0.008641368280840788
0.008625088994567575
0.008608873242327359
0.00859272060923317
0.008576630684238896
0.008560603060102746
0.008544637333328912
0.008528733104124966
0.008512889976370244
0.008497107557553216
0.008481385458739677
0.008465723294520848
0.008450120682976731
0.008434577245636165
0.008419092607429386
0.00840366639665443
0.008388298244934993
0.008372987787180366
0.008357734661546913
0.008342538509399802
0.00832739897527796
0.00831231570685204
0.00829728835489443
0.00828231657323998
0.008267400018749513
0.008252538351274053
0.008237731233618956
0.008222978331522907
0.008208279313608867
0.008193633851360982
0.008179041619088358
0.008164502293890775
0.008150015555634969
0.008135581086915979
0.008121198573025195
0.008106867701923174
0.008092588164212006
0.008078359653103944
0.008064181864395694
0.008050054496437763
0.008035977250103406
0.008021949828760826
0.008007971938252248
0.007994043286861154
0.007980163585284457
0.007966332546613322
0.007952549886295186
0.007938815322122286
0.007925128574198859
0.007911489364919975
0.007897897418935684
0.007884352463141982
0.007870854226645924
0.007857402440746328
0.0078439968389162
0.007830637156767194
0.007817323132038654
0.007804054504572
0.00779083101628035
0.007777652411138301
0.007764518435152738
0.007751428836344701
0.007738383364728489
0.007725381772288022
0.007712423812961871
0.007699509242620315
0.007686637819045353
0.007673809301909592
0.007661023452761659
0.0076482800349990205
0.00763557881385459
0.00762291955638423
0.007610302031434665
0.007597726009635699
0.007585191263379509
0.007572697566800349
0.007560244695756209
0.007547832427815052
0.007535460542235744
0.007523128819959366
0.007510837043578636
0.007498584997331856
0.007486372467082344
0.0074741992403034455
0.0074620651060630875
0.007449969855010448
0.007437913279349719
0.007425895172839715
0.007413915330770546
0.007401973549949612
0.007390069628685236
0.007378203366775617
0.007366374565494921
0.007354583027577252
0.007342828557200383
0.007331110959978455
0.007319430042942949
0.0073077856145268546
0.007296177484555345
0.007284605464235518
0.007273069366135024
0.007261569004178945
0.007250104193631457
0.007238674751084532
0.00722728049444317
0.0072159212429161335
0.007204596817003471
0.007193307038484361
0.007182051730403387
0.007170830717057683
0.0071596438239890006
0.007148490877971875
0.007137371706998254
0.007126286140275058
0.007115234008203377
0.007104215142374424
0.007093229375553488
0.007082276541673123
0.007071356475818622
0.007060469014221779
0.007049613994251531
0.007038791254397516
0.007028000634264317
0.007017241974563837
0.007006515117097674
0.0069958199047552615
0.00698515618149741
0.006974523792351622
0.006963922583404357
0.006953352401786176
0.006942813095664319
0.006932304514236206
0.006921826507720789
0.0069113789273428155
0.006900961625328093
0.006890574454897545
0.006880217270253223
0.006869889926579423
0.006859592280020446
0.006849324187684928
0.006839085507625413
0.006828876098839762
0.006818695821262253
0.006808544535754087
0.006798422104090022
0.0067883283889560945
0.006778263253941867
0.00676822656353205
0.006758218183099113
0.006748237978893877
0.006738285818040328
0.006728361568529656
0.006718465099208027
0.006708596279772759
0.006698754980764055
0.006688941073559875
0.006679154430367847
0.006669394924217138
0.006659662428955639
0.006649956819236384
0.0066402779705146695
0.006630625759042097
0.006621000061860596
0.006611400756792796
0.006601827722438625
0.006592280838169328
0.00658275998411702
0.006573265041172923
0.006563795890977197
0.006554352415917031
0.006544934499120056
0.006535542024445645
0.006526174876479585
0.006516832940528003
0.0065075161026133775
0.006498224249467365
0.00648895726852739
0.006479715047929939
0.006470497476503102
0.0064613044437614245
0.006452135839902065
0.00644299155579857
0.006433871482994066
0.006424775513697964
0.00641570354078101
0.006406655457769537
0.006397631158841142
0.006388630538816786
0.006379653493158856
0.006370699917964086
0.006361769709958183
0.0063528627664938405
0.00634397898554259
0.006335118265694199
0.0063262805061458545
0.006317465606702436
0.006308673467769208
0.006299903990351242
0.006291157076043418
0.00628243262703024
0.006273730546078223
0.00626505073653139
0.006256393102310947
0.006247757547905762
0.006239143978371441
0.00623055229932207
0.00622198241693243
0.006213434237928884
0.006204907669588817
0.006196402619732318
0.006187918996720573
0.0061794567094505684
0.006171015667351936
0.006162595780381563
0.006154196959021722
0.006145819114276617
0.006137462157666616
0.006129126001224366
0.006120810557491396
0.0061125157395177125
0.006104241460852065
0.0060959876355429765
0.006087754178131745
0.006079541003651435
0.006071348027623567
0.006063175166050526
0.0060550223354169375
0.006046889452683556
0.006038776435285673
0.006030683201124309
0.006022609668569802
0.006014555756452727
0.006006521384067125
0.005998506471160322
0.005990510937934826
0.005982534705040946
0.005974577693577341
0.005966639825084178
0.005958721021543559
0.005950821205373367
0.005942940299427412
0.005935078226987957
0.005927234911764392
0.005919410277892881
0.00591160424993092
0.0059038167528545115
0.005896047712056801
0.005888297053341828
0.005880564702924476
0.00587285058742724
0.00586515463387524
0.0058574767696977096
0.0058498169227236664
0.005842175021173908
0.005834550993663498
0.0058269447691995276
0.0058193562771748425
0.005811785447368149
0.005804232209940789
0.005796696495433536
0.005789178234764257
0.005781677359225859
0.005774193800483397
0.005766727490571811
0.0057592783618903385
0.005751846347204799
0.005744431379641895
0.0057370333926897495
0.005729652320192323
0.005722288096347659
0.0057149406557055514
0.0057076099331664285
0.0057002958639793535
0.005692998383736794
0.005685717428375214
0.005678452934170333
0.0056712048377363196
0.005663973076023509
0.00565675758631597
0.005649558306230136
0.005642375173709658
0.005635208127026493
0.0056280571047784955
0.005620922045883568
0.005613802889580975
0.005606699575430859
0.005599612043308203
0.005592540233401624
0.005585484086212422
0.00557844354255233
0.00557141854354103
0.0055644090306045295
0.005557414945471715
0.005550436230174732
0.005543472827047131
0.005536524678718835
0.0055295917281162
0.005522673918460335
0.0055157711932638165
0.005508883496330857
0.00550201077175471
0.0054951529639134045
0.0054883100174719065
0.005481481877378465
0.005474668488862232
0.0054678697974299495
0.005461085748869314
0.00545431628924143
0.005447561364882621
0.005440820922401038
0.005434094908676716
0.005427383270856418
0.0054206859563543505
0.005414002912852467
0.005407334088294361
0.0054006794308875
0.005394038889098841
0.005387412411655308
0.00538079994753983
0.00537420144599093
0.005367616856502011
0.005361046128818905
0.005354489212938466
0.0053479460591064395
0.005341416617816048
0.005334900839806025
0.005328398676060753
0.005321910077806743
0.005315434996514726
0.005308973383893889
0.0053025251918914565
0.005296090372693162
0.005289668878718644
0.005283260662622689
0.0052768656772922366
0.005270483875846842
0.005264115211635913
0.005257759638237208
0.005251417109453987
0.005245087579318247
0.005238771002084188
0.005232467332229842
0.005226176524453873
0.005219898533675435
0.005213633315034492
0.005207380823886752
0.005201141015804884
0.005194913846576024
0.005188699272202553
0.005182497248897104
0.005176307733084475
0.0051701306813988195
0.005163966050682781
0.005157813797987067
0.005151673880568599
0.00514554625588885
0.005139430881613471
0.005133327715609982
0.005127236715946677
0.005121157840891903
0.005115091048912503
0.005109036298673931
0.005102993549037864
0.005096962759061262
0.005090943887995067
0.005084936895283924
0.005078941740563193
0.005072958383659523
0.005066986784588622
0.005061026903556038
0.00505507870095352
0.005049142137359657
0.0050432171735376435
0.0050373037704355
0.00503140188918348
0.005025511491094164
0.005019632537661264
0.0050137649905580344
0.00500790881163657
0.005002063962927084
0.004996230406635472
0.004990408105144587
0.004984597021011273
0.0049787971169660186
0.004973008355912173
0.004967230700924579
0.004961464115249407
0.004955708562301758
0.004949964005665593
0.004944230409093063
0.004938507736502985
0.0049327959519798745
0.004927095019772405
0.004921404904293957
0.004915725570121513
0.004910056981993399
0.004904399104809447
0.004898751903629076
0.004893115343671935
0.0048874893903155915
0.0048818740090953916
0.004876269165702899
0.004870674825985865
0.0048650909559468025
0.004859517521741816
0.00485395448968007
0.0048484018262232136
0.0048428594979851615
0.004837327471729648
0.004831805714370584
0.004826294192971225
0.004820792874741958
0.004815301727039971
0.004809820717369993
0.0048043498133812776
0.004798888982868614
0.004793438193771054
0.004787997414170907
0.004782566612291745
0.004777145756498995
0.004771734815298801
0.004766333757336886
0.004760942551399985
0.0047555611664128255
0.0047501895714376725
0.0047448277356734
0.004739475628455436
0.0047341332192538145
0.004728800477674613
0.004723477373457149
0.004718163876474049
0.004712859956730893
0.004707565584364431
0.004702280729642273
0.004697005362963364
0.004691739454855895
0.004686482975977147
0.004681235897112389
0.004675998189174454
0.004670769823203082
