1.495	23.975382360526964
3.1133333333333333	23.951821827290587
4.733333333333333	23.938672387430415
6.3533333333333335	23.91242754247287
7.976666666666667	23.895155719060313
9.6	23.876143188476817
11.225	23.85176570269323
12.85	23.835677956526524
14.478333333333333	23.812974240831863
16.106666666666666	23.79137150844599
17.736666666666668	23.77396616182068
19.368333333333332	23.74972328491367
21.001666666666665	23.73026304378527
22.635	23.710583861725354
24.27	23.68641408336316
25.908333333333335	23.667892801745438
27.545	23.646065570915198
29.185	23.622751291418354
30.826666666666668	23.604101758496654
32.468333333333334	23.58073392690585
34.11333333333334	23.558380301847137
35.75833333333333	23.538959443794738
37.405	23.514684404744912
39.053333333333335	23.49303164724006
40.70333333333333	23.47260245619509
42.355	23.44786441726683
44.00666666666667	23.426549861642343
45.66166666666667	23.405140469094476
47.31666666666667	23.380160021542906
48.975	23.35886245155052
50.63333333333333	23.336626659283866
52.29333333333334	23.311453122232706
53.955	23.289936262608535
55.61833333333333	23.26706391186235
57.28333333333333	23.24164647930047
58.95	23.21974468773078
60.61833333333333	23.19642061502236
62.288333333333334	23.17067014382701
63.96	23.14825010275854
65.63166666666666	23.124641465801687
67.30666666666667	23.098480352155093
68.98333333333333	23.0753999940589
70.66166666666666	23.051648748787557
72.34	23.02505668963022
74.02166666666666	23.00113624532969
75.705	22.9773337374354
77.39	22.950392915390694
79.07666666666667	22.92541576507574
80.765	22.90154652637284
82.455	22.874474346099305
84.14666666666666	22.848244707256526
85.84	22.82410159941719
87.535	22.797227079536242
89.23333333333333	22.769704513029865
90.93166666666667	22.74482627872203
92.63333333333334	22.718445960981626
94.33666666666667	22.689927679766697
96.04166666666667	22.66367390202504
97.74666666666667	22.637757976644934
99.45666666666666	22.608959737135592
101.16666666666667	22.580852607916313
102.88	22.55473963550685
104.59333333333333	22.5265128366118
106.31	22.496789057640854
108.02833333333334	22.469274863215105
109.75	22.441837160749856
111.47166666666666	22.41169626940973
113.19666666666667	22.38191845417532
114.92333333333333	22.354151153285784
116.65333333333334	22.324903362186888
118.38333333333334	22.293564845585934
120.11666666666666	22.263660883527336
121.85333333333334	22.23494930067318
123.59	22.204061365937378
125.33	22.171821959545923
127.07333333333334	22.14134439100235
128.81833333333333	22.111437390231004
130.565	22.079198882056517
132.31333333333333	22.04595977682402
134.065	22.014446272987698
135.82	21.98334156537385
137.575	21.94998323902837
139.335	21.91549003327964
141.09666666666666	21.882487534003303
142.86	21.850179115517676
144.62666666666667	21.81592238093799
146.39666666666668	21.780009587473614
148.16833333333332	21.745005332013534
149.94166666666666	21.71121523151669
151.72	21.676260691765492
153.5	21.639120296003966
155.28166666666667	21.601697495862027
157.06833333333333	21.56563116459438
158.85666666666665	21.52975257295111
160.64666666666668	21.491985826378368
162.44166666666666	21.45244933781214
164.23833333333334	21.4131333230398
166.03833333333333	21.37496139494033
167.84166666666667	21.336568987862847
169.64833333333334	21.296243422511907
171.45833333333334	21.254143399528402
173.27166666666668	21.21194105293398
175.08833333333334	21.170640697346244
176.90833333333333	21.12941439390852
178.73	21.086658530657587
180.55666666666667	21.041797315592703
182.38833333333332	20.995777640746383
184.22166666666666	20.94992396687303
186.06	20.904560728195065
187.90166666666667	20.85876465043839
189.74666666666667	20.811284758565307
191.595	20.761618430879025
193.44833333333332	20.710298583981057
195.30666666666667	20.658302734409517
197.16833333333332	20.60621930158959
199.035	20.553833607300476
200.90666666666667	20.500325273860653
202.78166666666667	20.444804792532523
204.66166666666666	20.386776259147155
206.54833333333335	20.326269368342764
208.43833333333333	20.263651259483595
210.335	20.19930473234126
212.23666666666668	20.133370726216526
214.145	20.06565005522134
216.05833333333334	19.995648701114987
217.97833333333332	19.922693244552647
219.905	19.846041955861438
221.84	19.764948226838897
223.78	19.67866832837899
225.73	19.586432198229886
227.68833333333333	19.487408776149096
229.655	19.380707512209483
231.63333333333333	19.26547148341342
233.62333333333333	19.141150519317307
235.62333333333333	19.00808656882873
237.63833333333332	18.868575347914884
239.665	18.728434721379017
241.70666666666668	18.598548878617294
243.76	18.49470759752876
245.82333333333332	18.433386165816046
247.89166666666668	18.423727805748058
249.95833333333334	18.461614154330164
252.02	18.53192949693039
254.07333333333332	18.616630926953803
256.11833333333334	18.701303430680127
258.155	18.77709718191909
260.18333333333334	18.839702129662328
262.20666666666665	18.887639116837818
264.2266666666667	18.920939346389787
266.24333333333334	18.940379774903704
268.2583333333333	18.947122107965697
270.2733333333333	18.94257944495621
272.28833333333336	18.928387669257063
274.3066666666667	18.906411121315614
276.325	18.87874308104074
278.34833333333336	18.847679493592295
280.375	18.815647842166072
282.4033333333333	18.78507811252348
284.435	18.75821743396955
286.47	18.73690729316877
288.50666666666666	18.72237375300756
290.54333333333335	18.71509055581555
292.58166666666665	18.714765713411907
294.62	18.72045949112362
296.6566666666667	18.730798776050506
298.69166666666666	18.744224369402218
300.7266666666667	18.75921030969039
302.76	18.774420737645414
304.79	18.788795938417024
306.82	18.801580402396212
308.85	18.81231086790649
310.87666666666667	18.820782733564556
312.905	18.827006260653434
314.93	18.831160416993953
316.95666666666665	18.833547274152806
318.98333333333335	18.83454841281491
321.0083333333333	18.834583524039772
323.035	18.834072758363618
325.06	18.833403377175273
327.08666666666664	18.832902376198035
329.11333333333334	18.83281754435302
331.1383333333333	18.833306485430512
333.165	18.834435914141068
335.19	18.836189238027146
337.21666666666664	18.838480836166127
339.2416666666667	18.8411755623747
341.26666666666665	18.844109697784006
343.2916666666667	18.847111571631103
345.31666666666666	18.850019800629525
347.34	18.852697574220656
349.365	18.855042454197246
351.3883333333333	18.856991786924482
353.4116666666667	18.858523791459447
355.435	18.859654763400613
357.4583333333333	18.860433875488525
359.4816666666667	18.860935447264637
361.505	18.861250418012787
363.5283333333333	18.86147714303661
365.5516666666667	18.8617127651014
367.575	18.86204556976736
369.59833333333336	18.862548885590513
371.62166666666667	18.863276858246536
373.6433333333333	18.864262502393103
375.6666666666667	18.865517192534753
377.69	18.867032858906896
379.71166666666664	18.868784681035322
381.735	18.870735023301677
383.75666666666666	18.872838330935338
385.7783333333333	18.87504531223385
387.8	18.877307256116183
389.82166666666666	18.879579533313517
391.8433333333333	18.88182422007958
393.865	18.884011879345053
395.885	18.88612214352179
397.9066666666667	18.888143600997864
399.9266666666667	18.890073104194016
401.94666666666666	18.891914422783884
403.96666666666664	18.893676032530493
405.9866666666667	18.895369659367134
408.00666666666666	18.897008389103576
410.02666666666664	18.898604689820786
412.045	18.900169281187118
414.065	18.901710036516306
416.0833333333333	18.903231661897735
418.10333333333335	18.904735119940597
420.12166666666667	18.906218500706018
422.14	18.90767715703987
424.15833333333336	18.909104608246707
426.17833333333334	18.91049341975304
428.195	18.911836156985373
430.2133333333333	18.913126323968754
432.2316666666667	18.91435888283013
434.25	18.91553088898945
436.2683333333333	18.916641648320365
438.285	18.917692538161646
440.30333333333334	18.918687424229574
442.32	18.91963156485872
444.3383333333333	18.920531910043792
446.355	18.921395741563174
448.37166666666667	18.922230993848643
450.3883333333333	18.92304505345237
452.4066666666667	18.923844532037037
454.42333333333335	18.92463526201027
456.44	18.92542175737617
458.45666666666665	18.9262070980476
460.47333333333336	18.92699327909213
462.49	18.92778116707632
464.50666666666666	18.928570823118207
466.5233333333333	18.929361710252124
468.54	18.93015296627709
470.555	18.930943761733943
472.57166666666666	18.931733269346296
474.5883333333333	18.932521148599335
476.605	18.93330748898734
478.62	18.934092534982483
480.63666666666666	18.934877439096454
482.65166666666664	18.9356632228737
484.66833333333335	18.936451388071873
486.68333333333334	18.93724317451415
488.6983333333333	18.93803997481882
490.715	18.93884271448769
492.73	18.939652155313524
494.745	18.94046859415539
496.76	18.941291858573095
498.775	18.94212129373045
500.7916666666667	18.94295589554531
502.8066666666667	18.94379431505513
504.82	18.94463510507194
506.835	18.94547655210772
508.85	18.94631693176052
510.865	18.9471547400899
512.88	18.947988518993952
514.895	18.948817054842948
516.9083333333333	18.949639190759626
518.9233333333333	18.950454278456164
520.9366666666666	18.951261717666057
522.9516666666667	18.952060993251507
524.965	18.95285202881496
526.98	18.953634444551426
528.9933333333333	18.954408105128095
531.0066666666667	18.955172931964626
533.0216666666666	18.95592851251422
535.035	18.9566746372293
537.0483333333333	18.957410980874556
539.0616666666666	18.958137117806473
541.075	18.958852622381528
543.0883333333334	18.95955695763405
545.1016666666667	18.96024963898526
547.115	18.960930341199855
549.1283333333333	18.96159880234336
551.1416666666667	18.962254723373917
553.155	18.962898067184142
555.1683333333333	18.96352886215027
557.1816666666666	18.964147254519048
559.1933333333334	18.96475337962329
561.2066666666667	18.965347549601574
563.22	18.96593012243102
565.2316666666667	18.96650160670106
567.245	18.96706215084123
569.2583333333333	18.967612490450847
571.27	18.96815267355123
573.2833333333333	18.968683226194116
575.295	18.9692043208197
577.3066666666666	18.969716457286268
579.32	18.970219650873332
581.3316666666667	18.97071437088016
583.345	18.97120077665022
585.3566666666667	18.971679134483566
587.3683333333333	18.97214979144337
589.38	18.972613029109198
591.3933333333333	18.973069122512243
593.405	18.97351847765094
595.4166666666666	18.97396152453439
597.4283333333333	18.974398601494613
599.44	18.974830160368583
601.4516666666667	18.975256565681775
603.4633333333334	18.975678205970326
605.4766666666667	18.976095441394136
607.4883333333333	18.976508612468024
609.5	18.976918050975655
611.51	18.977324021034292
613.5216666666666	18.97772677366447
615.5333333333333	18.978126516230986
617.545	18.9785234779265
619.5566666666666	18.978917925051064
621.5683333333334	18.97930987943255
623.58	18.979699565898045
625.5916666666667	18.980087174350047
627.6016666666667	18.98047282920743
629.6133333333333	18.980856648340705
631.625	18.981238915512222
633.6366666666667	18.98161972021626
635.6466666666666	18.981999108291348
637.6583333333333	18.98237731329573
639.67	18.98275444873434
641.68	18.98313039673667
643.6916666666667	18.98350545852736
645.7016666666667	18.98387952714984
647.7133333333334	18.984252665904933
649.7233333333334	18.984624970835284
651.735	18.98499633280153
653.745	18.985366804190562
655.7566666666667	18.985736284594168
657.7666666666667	18.98610478710907
659.7783333333333	18.98647235102544
661.7883333333333	18.986838795171934
663.7983333333333	18.98720423960185
665.81	18.987568463853677
667.82	18.987931518131518
669.83	18.988293378424714
671.8416666666667	18.988653996711946
673.8516666666667	18.989013194004656
675.8616666666667	18.989370985582354
677.8716666666667	18.98972735834832
679.8816666666667	18.990082194432034
681.8933333333333	18.990435354135116
683.9033333333333	18.990786754511646
685.9133333333333	18.99113641520671
687.9233333333333	18.991484220532584
689.9333333333333	18.991830146478605
691.9433333333334	18.992174033701303
693.9533333333334	18.992515882200678
695.9633333333334	18.992855556643917
697.9733333333334	18.993193006826914
699.9833333333333	18.993528154169326
701.9933333333333	18.993860931004747
704.0033333333333	18.994191332967603
706.0133333333333	18.99451923345623
708.0233333333333	18.994844599728822
710.0333333333333	18.99516734665667
712.0433333333333	18.995487445863546
714.0516666666666	18.995804890801082
716.0616666666666	18.996119591975003
718.0716666666667	18.99643156248203
720.0816666666667	18.99674073465576
722.0916666666667	18.997047217635554
724.1	18.99735080623941
726.11	18.99765154630586
728.12	18.99794944874884
730.1283333333333	18.998244489557692
732.1383333333333	18.99853661416273
734.1483333333333	18.998825859671342
736.1566666666666	18.999112186793354
738.1666666666666	18.999395540959085
740.1766666666666	18.99967604003905
742.185	18.99995354215207
744.195	19.00022820882441
746.2033333333334	19.0004999658413
748.2133333333334	19.000768854675698
750.2216666666667	19.001035001929267
752.2316666666667	19.001298350849538
754.24	19.001558960371767
756.25	19.0018168741517
758.2583333333333	19.002072044168017
760.2683333333333	19.002324542452698
762.2766666666666	19.002574342812295
764.285	19.002821639514877
766.295	19.00306629941042
768.3033333333333	19.003308409810415
770.3116666666666	19.003548064574716
772.3216666666667	19.00378513710166
774.33	19.00401990460523
776.3383333333334	19.004252375816577
778.3483333333334	19.004482509262743
780.3566666666667	19.004710351873655
782.365	19.00493603461655
784.375	19.005159538937733
786.3833333333333	19.005380856106058
788.3916666666667	19.0056002305937
790.4	19.005817553261295
792.4083333333333	19.00603306858102
794.4183333333333	19.006246684875805
796.4266666666666	19.006458314834163
798.435	19.00666816800367
