1.3866666666666667	25.978485772111526
2.885	25.970550340684895
4.385	25.95331655247719
5.886666666666667	25.943681611261127
7.388333333333334	25.927399910187887
8.89	25.916967078705966
10.393333333333333	25.90118852285741
11.896666666666667	25.89021106296059
13.401666666666667	25.87477712195323
14.906666666666666	25.863355358433182
16.413333333333334	25.84819876101392
17.92	25.83637466559594
19.426666666666666	25.821468099229605
20.935	25.80925504039442
22.445	25.79459259259238
23.953333333333333	25.78198787814472
25.465	25.767575532609044
26.975	25.75456761683199
28.488333333333333	25.74041772390956
30.0	25.72699135375842
31.513333333333332	25.713117153827625
33.028333333333336	25.699258772829126
34.54333333333334	25.685669234553643
36.06	25.671372371834877
37.575	25.658066358255383
39.093333333333334	25.643337232031627
40.611666666666665	25.630297417001202
42.13	25.615162020858406
43.65	25.602348487336712
45.17	25.586857770667848
46.69166666666667	25.57420303314757
48.215	25.558437289646463
49.736666666666665	25.545843383679312
51.26166666666666	25.529913585023678
52.785	25.517252990130146
54.31166666666667	25.501297209621043
55.836666666666666	25.48841954812815
57.365	25.472592900086966
58.891666666666666	25.459338652808583
60.42	25.443795812952885
61.95	25.430017382132064
63.48	25.41488832057439
65.01166666666667	25.40047686766229
66.54333333333334	25.385837981684745
68.07666666666667	25.370752496746718
69.61	25.356598645339545
71.145	25.340890438474162
72.68	25.32711564690544
74.21666666666667	25.310940320014197
75.75333333333333	25.297336632502265
77.29166666666667	25.280943106281484
78.83	25.26722494221758
80.37	25.250916678123758
81.91166666666666	25.236774499990133
83.45333333333333	25.22084277079557
84.995	25.206020412133512
86.53833333333333	25.190660564203426
88.08166666666666	25.17503877525087
89.62666666666667	25.160273517212772
91.17333333333333	25.143931067395897
92.72	25.129571072466206
94.26833333333333	25.112794768301683
95.81666666666666	25.09846636239672
97.36666666666666	25.08168349704647
98.91666666666667	25.066935293398274
100.46833333333333	25.0505734541548
102.02	25.035041678165726
103.57333333333334	25.01935292566486
105.12833333333333	25.00292797876682
106.68333333333334	24.987850458273897
108.24	24.9707648436015
109.79666666666667	24.95590376529435
111.355	24.93866990907918
112.91333333333333	24.923444900377945
114.47333333333333	24.906632572310627
116.03333333333333	24.89055712649133
117.59666666666666	24.874490210459044
119.15833333333333	24.857455402616324
120.72333333333333	24.84199038171937
122.28666666666666	24.824379336860147
123.85333333333334	24.80893087813456
125.42	24.791439976615948
126.98833333333333	24.775303571823315
128.55666666666667	24.75851738563506
130.12666666666667	24.741334304053453
131.69666666666666	24.725299265446665
133.26833333333335	24.70735579436223
134.84166666666667	24.691480455567216
136.415	24.673564146814897
137.99	24.65700689899677
139.56666666666666	24.63983123507205
141.14333333333335	24.62216237145185
142.72166666666666	24.605754407730274
144.3	24.58737020897388
145.88	24.570970803688397
147.46166666666667	24.55282047531
149.04333333333332	24.535506621032255
150.62666666666667	24.518243706188514
152.21166666666667	24.499809361441294
153.79666666666665	24.48310604886501
155.38333333333333	24.464340807753615
156.97	24.447132904606406
158.56	24.429073468854767
160.15	24.410650759455166
161.74	24.39344155100116
163.33166666666668	24.37428904850094
164.925	24.356928351335227
166.52	24.338253545283806
168.115	24.31970988327521
169.71166666666667	24.302000123498146
171.31	24.28251667006407
172.90833333333333	24.264840240357444
174.50833333333333	24.245717891972163
176.11	24.22686232930573
177.71166666666667	24.208748983073747
179.315	24.18889939872315
180.92	24.1708026122069
182.52666666666667	24.151377445741673
184.13333333333333	24.13201381532417
185.74166666666667	24.11359878606163
187.35166666666666	24.093354686920065
188.96166666666667	24.074709888736834
190.575	24.055138650146546
192.18833333333333	24.035093226120807
193.80166666666668	24.016401271001087
195.41833333333332	23.995840434145066
197.035	23.976431132177822
198.65333333333334	23.956873093993636
200.27333333333334	23.936079572013114
201.89333333333335	23.916943665244617
203.515	23.896317494290997
205.13833333333332	23.875879044135218
206.76333333333332	23.85634833117365
208.39	23.835021456034156
210.01666666666668	23.815006117365556
211.645	23.794629022086156
213.275	23.773120680925786
214.90666666666667	23.753206102992408
216.54	23.731919799320167
218.17333333333335	23.710564817520208
219.81	23.690340196480975
221.44666666666666	23.668349642684916
223.085	23.6472108594171
224.72333333333333	23.62638851700467
226.365	23.60396513940941
228.00666666666666	23.582918120519025
229.65166666666667	23.561388462258037
231.29666666666665	23.53873424617632
232.94333333333333	23.51759263619897
234.59166666666667	23.49537648697151
236.24	23.472582684917143
237.89166666666668	23.45118522825942
239.545	23.428361788319307
241.19833333333332	23.405427067700657
242.85333333333332	23.38367158154142
244.51166666666666	23.36032478888228
246.17	23.337191917016753
247.83	23.315032257232815
249.49166666666667	23.291226607761928
251.155	23.2678123331425
252.82	23.24524100513372
254.48666666666668	23.221020166602102
256.1533333333333	23.197231600715895
257.8233333333333	23.174258481594734
259.495	23.14965618570568
261.16833333333335	23.125397857802454
262.84166666666664	23.102030235895654
264.5183333333333	23.07708629668923
266.19666666666666	23.05226449316251
267.875	23.028485103714047
269.5566666666667	23.003258796961745
271.24	22.977794162579812
272.925	22.953536951172282
274.61	22.928108639462152
276.29833333333335	22.901964605989633
277.98833333333334	22.877093770512147
279.68	22.851539577459334
281.37333333333333	22.824767529891687
283.07	22.79908123127825
284.76666666666665	22.773407062413753
286.465	22.746186249059974
288.1666666666667	22.71947988156171
289.86833333333334	22.69352363109647
291.5733333333333	22.66613795509329
293.28	22.638350923443795
294.98833333333334	22.61172248472576
296.6983333333333	22.584398006438278
298.4116666666667	22.55578594340477
300.12666666666667	22.527988132060273
301.84166666666664	22.500598455008003
303.56	22.471724637580337
305.2816666666667	22.442542853968916
307.00333333333333	22.414436686813133
308.72833333333335	22.3857380260597
310.455	22.355650395547855
312.18333333333334	22.326046190210036
313.915	22.297151379825664
315.6483333333333	22.26706683904922
317.3833333333333	22.236008854815736
319.12166666666667	22.20577279367717
320.86	22.175809508917155
322.60333333333335	22.14444267010549
324.3466666666667	22.112406564701814
326.0933333333333	22.081245217850665
327.8433333333333	22.050125082023442
329.595	22.017567633156432
331.34833333333336	21.98438485938823
333.105	21.95200843125349
334.86333333333334	21.919706368498737
336.625	21.886022324179066
338.3883333333333	21.851490692642983
340.155	21.81757324942737
341.92333333333335	21.783987491653534
343.695	21.749253076995956
345.47	21.713279262621654
347.24666666666667	21.67744396138005
349.02666666666664	21.642224332754267
350.80833333333334	21.606441346375505
352.5933333333333	21.569191192975268
354.38166666666666	21.531220167526044
356.17333333333335	21.493686267058365
357.96666666666664	21.456395598943345
359.7633333333333	21.418131368409377
361.56333333333333	21.37840656505432
363.3666666666667	21.338070009369403
365.17333333333335	21.298063010908663
366.98333333333335	21.258161615696736
368.795	21.217306514881784
370.6116666666667	21.17492977558868
372.4316666666667	21.13156769555644
374.255	21.088131357100792
376.08	21.044833793712314
377.91	21.000984030979453
379.74333333333334	20.95573881888413
381.58166666666665	20.90891648840625
383.42333333333335	20.861070910905255
385.2683333333333	20.812873365503037
387.1166666666667	20.76447370927781
388.97	20.715387099335203
390.82666666666665	20.664899781695567
392.68833333333333	20.612580204033293
394.555	20.558495340810623
396.425	20.50304112563026
398.3016666666667	20.44658481681836
400.1816666666667	20.38918995312997
402.06666666666666	20.33056196087273
403.95666666666665	20.270184399123536
405.8516666666667	20.20751919990289
407.75333333333333	20.142151389154606
409.66	20.07382563970168
411.5733333333333	20.00238745167735
413.49333333333334	19.92768219424761
415.42	19.849459931720048
417.35333333333335	19.767313718330115
419.295	19.68065441105864
421.24333333333334	19.588713919802103
423.20166666666665	19.490570337802637
425.16833333333335	19.3852057615004
427.14666666666665	19.271631139417877
429.135	19.14915949164424
431.135	19.017954837181605
433.1483333333333	18.880022832308896
435.175	18.74070074991323
437.215	18.6102060295525
439.2683333333333	18.503724942274857
441.33	18.43773148575565
443.39666666666665	18.422348556487123
445.4633333333333	18.454978535010014
447.52666666666664	18.521592994511593
449.58166666666665	18.60434807022102
451.62666666666667	18.68843691627262
453.665	18.764490409375867
455.695	18.82779598599882
457.72	18.876630263548577
459.74	18.910898912872653
461.7583333333333	18.931322042044485
463.7733333333333	18.93903667369159
465.79	18.935441708163125
467.8066666666667	18.922158731584204
469.8233333333333	18.901033094152808
471.845	18.874134844372747
473.8666666666667	18.843734476104146
475.8933333333333	18.812235218501883
477.92333333333335	18.782049909350462
479.955	18.755419557419373
481.99	18.734195002616616
484.02666666666664	18.719627073733136
486.065	18.712226680509048
488.10333333333335	18.711743666790426
490.14	18.71727725956589
492.17833333333334	18.727484361443203
494.2133333333333	18.740823311236454
496.24833333333333	18.755773832526756
498.2816666666667	18.77099676785292
500.31333333333333	18.785423282679403
502.3433333333333	18.798285640514223
504.37333333333333	18.809107644483447
506.40166666666664	18.817672489240067
508.42833333333334	18.823979513399536
510.455	18.828198747360148
512.4816666666667	18.83062555716606
514.5083333333333	18.83163715247065
516.535	18.83165164399543
518.56	18.831089927698486
520.5866666666667	18.83034274869715
522.6133333333333	18.829743025708012
524.64	18.829545677726856
526.6666666666666	18.829916939284885
528.6916666666667	18.830932190758176
530.7183333333334	18.832583222683752
532.745	18.83479173629894
534.77	18.837428226834163
536.795	18.840332953550387
538.8216666666667	18.843336115241982
540.8466666666667	18.84627637336962
542.87	18.849015308660455
544.895	18.851447647466557
546.9183333333333	18.853506668529008
548.9433333333334	18.85516561305849
550.9666666666667	18.856435785710346
552.99	18.857361117261462
555.0133333333333	18.858010933035985
557.0383333333333	18.858471562271006
559.0616666666666	18.858837517473148
561.085	18.859202920430107
563.1083333333333	18.859653901745332
565.1316666666667	18.860262486850843
567.155	18.8610822915507
569.1783333333333	18.862146522587864
571.2016666666667	18.86346744504408
573.2233333333334	18.86503791465657
575.2466666666667	18.866834451182513
577.27	18.86882093604072
579.2916666666666	18.870952912402572
581.3133333333334	18.87318240478635
583.335	18.87546160578495
585.3583333333333	18.877746444923105
587.3783333333333	18.879999541968573
589.4	18.882191654120106
591.4216666666666	18.88430255348794
593.4416666666667	18.886321020545438
595.4633333333334	18.888243903347757
597.4833333333333	18.890074932278367
599.5033333333333	18.891823113517603
601.5233333333333	18.893500469857827
603.5433333333333	18.895120482193306
605.5633333333334	18.896696432784665
607.5833333333334	18.89823982710368
609.6033333333334	18.899759501073277
611.6216666666667	18.90126080470509
613.6416666666667	18.902745964442147
615.66	18.9042135985801
617.6783333333333	18.90565998328384
619.6983333333334	18.907079126802273
621.7166666666667	18.908464066043962
623.735	18.909807776799425
625.7533333333333	18.911103739083046
627.7716666666666	18.912346856086515
629.79	18.91353393875761
631.8066666666666	18.914663780014962
633.825	18.915737495262874
635.8433333333334	18.916758349951124
637.86	18.917731266265037
639.8783333333333	18.918662456417223
641.895	18.919559119240148
643.9133333333333	18.92042856052285
645.93	18.921277952904347
647.9466666666667	18.92211386220879
649.965	18.922941760683898
651.9816666666667	18.923766013904242
653.9983333333333	18.924589736707276
656.015	18.925414843397448
658.0316666666666	18.926242073939648
660.0483333333333	18.927071369398618
662.065	18.9279020531103
664.0816666666667	18.92873303804663
666.0983333333334	18.929563285200857
668.115	18.930391818867065
670.1316666666667	18.931218010402517
672.1466666666666	18.932041512744036
674.1633333333333	18.932862555084284
676.18	18.933681796625024
678.195	18.93450009956723
680.2116666666667	18.935318677540636
682.2266666666667	18.936138731078245
684.2433333333333	18.936961541476194
686.2583333333333	18.93778793164529
688.2733333333333	18.938618733227486
690.29	18.939454219071195
692.305	18.94029418399441
694.32	18.94113832677249
696.335	18.941985662968364
698.35	18.942835005145753
700.365	18.943685045815073
702.38	18.944534167530946
704.395	18.945380864170147
706.41	18.946223679813556
708.425	18.947061287326505
710.44	18.947892547294032
712.4533333333334	18.948716449085623
714.4683333333334	18.94953244482167
716.4833333333333	18.95034001718159
718.4966666666667	18.95113863356528
720.5116666666667	18.95192839874653
722.525	18.952709028963
724.5383333333333	18.95348056568764
726.5533333333333	18.954242712061387
728.5666666666667	18.95499570382526
730.58	18.955739108787384
732.595	18.956472651916556
734.6083333333333	18.95719595340779
736.6216666666667	18.957909030723386
738.635	18.958611277048476
740.6483333333333	18.959302447910886
742.6616666666666	18.959982189699076
744.675	18.960650179360528
746.6883333333334	18.96130632958375
748.7016666666667	18.96195048757363
750.715	18.96258275373839
752.7283333333334	18.963203302701004
754.7416666666667	18.963812121364754
756.7533333333333	18.964409615728073
758.7666666666667	18.964996104477905
760.78	18.965572155138943
762.7916666666666	18.966138029645663
764.805	18.966693902621046
766.8183333333334	18.967240463825874
768.83	18.96777788788313
770.8433333333334	18.968306633178145
772.855	18.96882677829126
774.8683333333333	18.969338851456996
776.88	18.969842739170417
778.8933333333333	18.970339000225067
780.905	18.97082763898652
782.9166666666666	18.97130914439913
784.93	18.97178358194651
786.9416666666667	18.972251178638544
788.9533333333334	18.972712410322856
790.965	18.973167687363457
792.9766666666667	18.973617258598097
794.99	18.97406132920878
797.0016666666667	18.974500396871008
799.0133333333333	18.974934793368448
