0.16833333333333333	18.001144491171317
2.578333333333333	17.99155099199652
4.99	18.016137473796334
7.398333333333333	18.01830285533015
9.805	18.032099479819408
12.21	18.044922800277163
14.613333333333333	18.050045210429744
17.015	18.067676879149985
19.413333333333334	18.072812868149413
21.811666666666667	18.0861154881768
24.208333333333332	18.098083618224337
26.601666666666667	18.10470776508737
28.995	18.120665326068774
31.386666666666667	18.127456216870996
33.775	18.13936958078557
36.163333333333334	18.152195230277357
38.54833333333333	18.158863327562358
40.93333333333333	18.17374166926129
43.315	18.182462185222903
45.695	18.192316795057195
48.075	18.20640636938151
50.45166666666667	18.21338769173053
52.82666666666667	18.226352591318573
55.20166666666667	18.23777681579486
57.57333333333333	18.24558776033882
59.943333333333335	18.259833459887886
62.31166666666667	18.268844857766453
64.67833333333333	18.278671332836893
67.04333333333334	18.29247554878748
69.40666666666667	18.300278135575354
71.77	18.31201506765865
74.13	18.324531413873046
76.48833333333333	18.33224685519781
78.845	18.34521074265467
81.2	18.35636470859754
83.55333333333333	18.36462331157236
85.905	18.37812584776657
88.255	18.3882307485419
90.60333333333334	18.397204945995327
92.95	18.41079532423464
95.295	18.420244237813677
97.63833333333334	18.429830927971125
99.98	18.443307813413412
102.32	18.452427745341993
104.65833333333333	18.46240820609637
106.99666666666667	18.475740402755036
109.33166666666666	18.484766512210626
111.665	18.494897516666242
113.99666666666667	18.508134508192597
116.32666666666667	18.517242567395442
118.655	18.52729520514913
120.98166666666667	18.540493580167094
123.30666666666667	18.549847461326863
125.63166666666666	18.55962487798024
127.95333333333333	18.572787648736266
130.27333333333334	18.582575215623365
132.59166666666667	18.59193985028469
134.91	18.6049643512888
137.225	18.6154014711974
139.53833333333333	18.624329121394112
141.85166666666666	18.636973752199992
144.16166666666666	18.648252839466295
146.47166666666666	18.65691068733213
148.77833333333334	18.668813967724418
151.085	18.68098228051167
153.38833333333332	18.689788377287186
155.69166666666666	18.70059293532904
157.99333333333334	18.713385979026498
160.29166666666666	18.722958654598187
162.59	18.732564246602124
164.88666666666666	18.745306176242593
167.18166666666667	18.756200815460033
169.475	18.765054529194458
171.76666666666668	18.776820445964404
174.05666666666667	18.789065972123353
176.345	18.79821669908779
178.63166666666666	18.808391219590703
180.91666666666666	18.82112259463611
183.2	18.831709527148632
185.48333333333332	18.84070412506844
187.76333333333332	18.852447992139787
190.04333333333332	18.86468131433503
192.32	18.874039820548205
194.59666666666666	18.883922694476496
196.87	18.896448261875776
199.14333333333335	18.9076314560225
201.415	18.916618334787927
203.685	18.927520196575642
205.95333333333335	18.940082691551652
208.22	18.950375318308943
210.485	18.9595315688166
212.74833333333333	18.971135148694884
215.01	18.983409301836218
217.27166666666668	18.993178418440948
219.53	19.002640970757056
221.78833333333333	19.014593208612496
224.04333333333332	19.026583620689053
226.29833333333335	19.03613256472454
228.55166666666668	19.04580063710455
230.80333333333334	19.057852400510455
233.05333333333334	19.069715979276225
235.30166666666668	19.07924756524153
237.54833333333335	19.088936861953698
239.79333333333332	19.100911736677517
242.03666666666666	19.112834057523287
244.28	19.122515932758688
246.52	19.132056092712446
248.76	19.14377258217428
250.99833333333333	19.15588570809632
253.235	19.165924546541646
255.47	19.175243180870893
257.7033333333333	19.186461581193726
259.935	19.19874913583044
262.1666666666667	19.209404610592173
264.395	19.21863427887729
266.62333333333333	19.229100412121625
268.84833333333336	19.241287684053532
271.0733333333333	19.252753271939582
273.2966666666667	19.262316431922955
275.5183333333333	19.271968091925373
277.73833333333334	19.28350663074525
279.9583333333333	19.295626679377165
282.175	19.306119993780158
284.39166666666665	19.315402516076574
286.605	19.325773515811306
288.8183333333333	19.337788701159297
291.03	19.34946804176434
293.24	19.359385725692846
295.4483333333333	19.368779973956407
297.6566666666667	19.379630824550986
299.8616666666667	19.391736394754844
302.06666666666666	19.403084019359085
304.27	19.412789600755787
306.4716666666667	19.422300015867222
308.6716666666667	19.433295730414102
310.87	19.445366028958233
313.06666666666666	19.45664654049324
315.2633333333333	19.466377571006888
317.4583333333333	19.475866288121324
319.65	19.486701208734303
321.84166666666664	19.49868467381748
324.03333333333336	19.510154521412915
326.2216666666667	19.520136569190072
328.40833333333336	19.529525463076425
330.595	19.539916904614074
332.78	19.55164560895355
334.9633333333333	19.56343383026251
337.145	19.573966070311144
339.325	19.58341785139055
341.50333333333333	19.59319433190103
343.6816666666667	19.604291824362008
345.85833333333335	19.616198115909356
348.03333333333336	19.627521458096453
350.20666666666665	19.6375386978616
352.37833333333333	19.646938085497823
354.55	19.657036072021583
356.7183333333333	19.668381005249103
358.88666666666666	19.680221167072887
361.05333333333334	19.69132331214496
363.2183333333333	19.701220822753385
365.3833333333333	19.71063519413292
367.545	19.72072925491375
369.70666666666665	19.73198005107406
371.8666666666667	19.743759831544594
374.025	19.75496816157829
376.1816666666667	19.765053645096486
378.3383333333333	19.774479682382662
380.49333333333334	19.784271009120857
382.64666666666665	19.795099999100785
384.79833333333335	19.80672610043257
386.9483333333333	19.818242172914324
389.09833333333336	19.82885773104499
391.245	19.83853379788343
393.39166666666665	19.847976700475556
395.5366666666667	19.85804899886716
397.6816666666667	19.869093222587253
399.8233333333333	19.88069503713632
401.965	19.892032790085068
404.105	19.902502780314535
406.24333333333334	19.91214190784376
408.38	19.921568498466513
410.51666666666665	19.93152322320384
412.65166666666664	19.94235395177384
414.785	19.95380039443262
416.9166666666667	19.965199426951585
419.04833333333335	19.97593849810073
421.1766666666667	19.985841586822062
423.305	19.995254434616072
425.4316666666667	20.004805080679944
427.55833333333334	20.015010658971732
429.68333333333334	20.025975461976486
431.8066666666667	20.03735328980838
433.92833333333334	20.048571068036836
436.04833333333335	20.0591624223307
438.1666666666667	20.06901490094606
440.285	20.07840919395676
442.40166666666664	20.087849087576615
444.5183333333333	20.09778966239537
446.63166666666666	20.108408729356597
448.745	20.119534518380533
450.8566666666667	20.130750742464443
452.9683333333333	20.14161037550366
455.07666666666665	20.151844932479435
457.185	20.16147358917806
459.2916666666667	20.170776691884384
461.39666666666665	20.18015761532297
463.50166666666667	20.189963145458023
465.605	20.2003411071928
467.70666666666665	20.211192170609138
469.80833333333334	20.222225996622
471.9066666666667	20.23308828174777
474.005	20.243500207652687
476.1016666666667	20.253356007378898
478.1983333333333	20.262749019093462
480.29333333333335	20.271924457119894
482.38666666666666	20.28118437556259
484.47833333333335	20.29078068335366
486.57	20.300834636509535
488.66	20.31130572031543
490.74833333333333	20.32201649599301
492.83666666666664	20.33271769359999
494.92333333333335	20.343168691397295
497.0083333333333	20.353207288644626
499.09166666666664	20.36278892592236
501.175	20.371989572959137
503.25666666666666	20.380975850639516
505.33666666666664	20.389953835911
507.4166666666667	20.399112835366395
509.495	20.408578191199922
511.5733333333333	20.41838529294182
513.6483333333333	20.428477599853068
515.7233333333334	20.438727423243108
517.7983333333333	20.44897099949594
519.87	20.459047339318204
521.9416666666667	20.468832582628238
524.0133333333333	20.478261649623164
526.0816666666667	20.487336039877846
528.15	20.496116943468223
530.2183333333334	20.50470837893954
532.2833333333333	20.51323401647096
534.35	20.52181216313329
536.4133333333333	20.530535598300048
538.4766666666667	20.539456772166886
540.54	20.548582735136733
542.6	20.557877676401404
544.66	20.567272159314598
546.72	20.576677182907588
548.7783333333333	20.5859990335739
550.835	20.59515326800465
552.89	20.604075033406843
554.945	20.612725877799676
557.0	20.621095467868145
559.0516666666666	20.629200061011943
561.105	20.637077102946932
563.155	20.64477839776373
565.2066666666667	20.65236226299021
567.255	20.65988599024422
569.3033333333333	20.667398781733937
571.3516666666667	20.674937419607886
573.3983333333333	20.68252288918302
575.445	20.69015994675283
577.49	20.697837765692384
579.5333333333333	20.705532595093246
581.5766666666667	20.713211383190355
583.62	20.720835782776703
585.6616666666666	20.728365648028557
587.7033333333334	20.735763218908687
589.7433333333333	20.742995902037364
591.7816666666666	20.75003802565334
593.82	20.756872118727188
595.8583333333333	20.76348947630322
597.895	20.769889351868187
599.9316666666666	20.77607817154785
601.9666666666667	20.782068036714918
604.0016666666667	20.787875202586292
606.0366666666666	20.7935181355424
608.07	20.799016089949873
610.1033333333334	20.804387375028455
612.135	20.80964840752131
614.1666666666666	20.814812759999768
616.1983333333334	20.819890689381282
618.23	20.824888711285894
620.26	20.829810248324065
622.2883333333333	20.834655224098242
624.3183333333334	20.839421316122753
626.3466666666667	20.844103995113983
628.375	20.848697640394676
630.4016666666666	20.853196076859604
632.43	20.857593376058503
634.4566666666667	20.861883974066586
636.4816666666667	20.86606345947075
638.5083333333333	20.870128756723716
640.5333333333333	20.874078163251397
642.5583333333333	20.87791134508734
644.5816666666667	20.88162945692602
646.6066666666667	20.885234805973596
648.63	20.88873050925031
650.6533333333333	20.892120397547842
652.675	20.895408718570252
654.6983333333334	20.898599870633916
656.72	20.901698042507633
658.7416666666667	20.90470723087492
660.7633333333333	20.907631052614306
662.785	20.910472631294397
664.805	20.91323479580751
666.8266666666667	20.915919768231106
668.8466666666667	20.918529705159017
670.8666666666667	20.92106635500386
672.885	20.923531461812672
674.905	20.925926658310345
676.9233333333333	20.92825358377013
678.9433333333334	20.930514344581752
680.9616666666667	20.932710855049663
682.98	20.934845354713616
684.9983333333333	20.9369203515962
687.0166666666667	20.93893836463394
689.0333333333333	20.940902196525712
691.0516666666666	20.942814283262123
693.0683333333334	20.944677294392022
695.085	20.94649368773389
697.1016666666667	20.94826574648323
699.1183333333333	20.949995531191234
701.135	20.951684866668074
703.1516666666666	20.953335269950912
705.1683333333333	20.954948148937547
707.1833333333333	20.95652461903228
709.2	20.958065727973008
711.215	20.959572340143495
713.23	20.961045265357825
715.2466666666667	20.96248544221453
717.2616666666667	20.963893693624414
719.2766666666666	20.965270809756476
721.29	20.966617700833012
723.305	20.967935436419793
725.32	20.969224909276818
727.335	20.970487044905894
729.3483333333334	20.97172299363592
731.3633333333333	20.972933539087535
733.3766666666667	20.974119742095354
735.39	20.975282250947203
737.405	20.976421864543227
739.4183333333333	20.977539346858975
741.4316666666666	20.97863519556995
743.445	20.97970988652378
745.4583333333334	20.980763884654152
747.4716666666667	20.981797563217697
749.4833333333333	20.982811417707126
751.4966666666667	20.983805755895446
753.51	20.984780852813856
755.5216666666666	20.985737197406706
757.535	20.986675315725734
759.5466666666666	20.987595480619348
761.56	20.988498272708966
763.5716666666667	20.989384220229113
765.5833333333334	20.990253676791326
767.5966666666667	20.99110719464079
769.6083333333333	20.991945240893983
771.62	20.992768147334573
773.6316666666667	20.993576293767546
775.6433333333333	20.994370081825764
777.655	20.995149760346976
779.6666666666666	20.995915682942723
781.6783333333333	20.996668067891733
783.69	20.997407188042416
785.7	20.998133377361228
787.7116666666667	20.998846838847385
789.7233333333334	20.999547797327978
791.7333333333333	21.000236591135035
793.745	21.000913488751394
795.755	21.001578743380378
797.7666666666667	21.002232686805655
799.7766666666666	21.002875574413338
