1.015	35.99011889269832
2.111666666666667	35.980433378415455
3.2066666666666666	35.97302422914481
4.301666666666667	35.96918070778656
5.398333333333333	35.96889344697729
6.493333333333333	35.97110906952139
7.59	35.97419915034834
8.685	35.97652182022557
9.781666666666666	35.976908537963936
10.876666666666667	35.97495238634565
11.973333333333333	35.97104602288255
13.068333333333333	35.96618318590572
14.165	35.96159335681932
15.261666666666667	35.95832454118408
16.358333333333334	35.95690461486356
17.453333333333333	35.957195792002494
18.55	35.95848550537539
19.64666666666667	35.9597661068392
20.741666666666667	35.9600949552032
21.838333333333335	35.95890650474303
22.935	35.956180242101254
24.031666666666666	35.95242031133239
25.128333333333334	35.94846369287552
26.225	35.945182331943215
27.321666666666665	35.943180482445314
28.418333333333333	35.94259287256136
29.515	35.943054621020565
30.611666666666668	35.943848868555506
31.708333333333332	35.94417118274578
32.805	35.9434114540818
33.901666666666664	35.9413563290218
34.998333333333335	35.938249050286686
36.095	35.93469250645285
37.19166666666667	35.93143101761598
38.29	35.92908571622502
39.38666666666666	35.92793782577246
40.483333333333334	35.92783622493698
41.58166666666666	35.92826314143167
42.678333333333335	35.92852844776644
43.775	35.92801899285405
44.87166666666667	35.92641056648063
45.97	35.92377351756113
47.06666666666667	35.92054035420915
48.165	35.917345687994384
49.26166666666666	35.91479865435758
50.36	35.91326480536736
51.45666666666666	35.912738988827186
52.555	35.91285434176825
53.651666666666664	35.913022691966034
54.75	35.91264961460183
55.848333333333336	35.91134719645197
56.945	35.90906591798557
58.04333333333334	35.90610683686464
59.141666666666666	35.90300900796137
60.23833333333334	35.900353170291055
61.336666666666666	35.898551431910164
62.435	35.8977002231768
63.53333333333333	35.897549291348696
64.63166666666666	35.897599155214266
65.73	35.8972869257741
66.82666666666667	35.89619048170789
67.925	35.894177439149644
69.02333333333333	35.89144816678527
70.12166666666667	35.88845938556915
71.22	35.88575639287228
72.31833333333333	35.88377355954435
73.41666666666667	35.882676123128476
74.51666666666667	35.882302504705876
75.615	35.882228546688566
76.71333333333334	35.88192710676594
77.81166666666667	35.88096214207326
78.91	35.87914564532184
80.00833333333334	35.87660243265418
81.10833333333333	35.87372122656234
82.20666666666666	35.87101068033007
83.305	35.868911450961605
84.405	35.86763347921078
85.50333333333333	35.867080291336606
86.60166666666667	35.86688887753553
87.70166666666667	35.86656705065252
88.8	35.865677505080384
89.9	35.86399748410258
90.99833333333333	35.86159747646889
92.09833333333333	35.85881322869682
93.19666666666667	35.85611914668334
94.29666666666667	35.8539522702813
95.395	35.85254895333492
96.495	35.85185779393214
97.595	35.85156234221358
98.69333333333333	35.8512018098736
99.79333333333334	35.85034523939612
100.89333333333333	35.84875102978913
101.99333333333334	35.846454110560444
103.09166666666667	35.84375059399463
104.19166666666666	35.84108633676806
105.29166666666667	35.8388888904301
106.39166666666667	35.83740674457658
107.49166666666666	35.8366167098211
108.59166666666667	35.83623458453076
109.69166666666666	35.835825595677306
110.79166666666667	35.834969636380265
111.89166666666667	35.8334185772037
112.99166666666666	35.831187478288484
114.09166666666667	35.828546836091846
115.19166666666666	35.82591957219847
116.29166666666667	35.82372068467521
117.39166666666667	35.82219953950698
118.49166666666666	35.82134574662632
119.59333333333333	35.8208949530308
120.69333333333333	35.82043190526747
121.79333333333334	35.819550150881696
122.89333333333333	35.818005463261215
123.995	35.81580672744167
125.095	35.81321081928763
126.195	35.81062444882264
127.29666666666667	35.80844775369769
128.39666666666668	35.806921577204776
129.49833333333333	35.80603535028786
130.59833333333333	35.805532424092235
131.7	35.80501172345976
132.8	35.80408177640493
133.90166666666667	35.80251142138877
135.00166666666667	35.80031566507387
136.10333333333332	35.797749163430126
137.205	35.79520755210979
138.305	35.793074272623926
139.40666666666667	35.79157312287862
140.50833333333333	35.79068133094552
141.60833333333332	35.79013996586582
142.71	35.789556404233736
143.81166666666667	35.78855752475647
144.91333333333333	35.7869331337497
146.015	35.784715904264885
147.11666666666667	35.782167520847
148.21833333333333	35.77967664732569
149.31833333333333	35.77760760072124
150.42	35.776158161206695
151.52166666666668	35.77528264304419
152.62333333333333	35.774711162048334
153.72666666666666	35.77405687810824
154.82833333333335	35.77296799467149
155.93	35.771264367394906
157.03166666666667	35.76900642565306
158.13333333333333	35.76647061181575
159.235	35.76404075483879
160.33833333333334	35.76205729423236
161.44	35.76068297315942
162.54166666666666	35.75983962382452
163.64333333333335	35.75923983971734
164.74666666666667	35.7585018447935
165.84833333333333	35.757300962541194
166.95	35.755496477395354
168.05333333333334	35.7531853225737
169.155	35.75066418688948
170.25833333333333	35.74831082351011
171.36	35.74643533665949
172.46333333333334	35.74515592208627
173.56666666666666	35.74435334503505
174.66833333333332	35.74371852391778
175.77166666666668	35.74287823266786
176.87333333333333	35.741542509822466
177.97666666666666	35.73961953752587
179.08	35.737251202408515
180.18333333333334	35.73475572429743
181.285	35.73250058634585
182.38833333333332	35.730755965232674
183.49166666666667	35.729585712942935
184.595	35.72882268799731
185.69833333333332	35.72813705923181
186.80166666666668	35.727169777783274
187.90333333333334	35.725676464244316
189.00666666666666	35.723624505590124
190.11	35.72120515327697
191.21333333333334	35.71875641737279
192.31833333333333	35.71662687045318
193.42166666666665	35.71503474104247
194.525	35.71397969735699
195.62833333333333	35.71324367021589
196.73166666666665	35.71248050011491
197.835	35.711356747742684
198.93833333333333	35.70968622134387
200.04333333333332	35.7075041925782
201.14666666666668	35.70505278712517
202.25	35.70268251369271
203.355	35.70070946498163
204.45833333333334	35.69928649612848
205.56166666666667	35.69834128702496
206.66666666666666	35.697606014036865
207.77	35.69672881731094
208.875	35.695417058195744
209.97833333333332	35.69355651252408
211.08333333333334	35.691256971222174
212.18666666666667	35.68880714719853
213.29166666666666	35.68655607468827
214.39666666666668	35.684770392072096
215.5	35.68352363417944
216.605	35.68266701677203
217.71	35.681891575040936
218.81333333333333	35.68085601054918
219.91833333333332	35.679327550315065
221.02333333333334	35.67727697882219
222.12833333333333	35.67488978660549
223.23333333333332	35.672489632997895
224.33833333333334	35.67040458437987
225.44166666666666	35.66883091480122
226.54666666666665	35.667751502478495
227.65166666666667	35.666943740216084
228.75666666666666	35.666072921594605
229.86166666666668	35.664831886970205
230.96666666666667	35.66306812281255
232.07333333333332	35.66084627236705
233.17833333333334	35.65842113021063
234.28333333333333	35.656131305586314
235.38833333333332	35.65425790002337
236.49333333333334	35.65290663900669
237.6	35.65196380150155
238.705	35.651144542498514
239.81	35.65011359678465
240.915	35.64862543353229
242.02166666666668	35.64662624921766
243.12666666666667	35.64427658566274
244.23333333333332	35.641883414791664
245.33833333333334	35.63977078883909
246.44333333333333	35.63814409717452
247.55	35.63700182057801
248.65666666666667	35.63613811129471
249.76166666666666	35.635229200852336
250.86833333333334	35.633972341020126
251.97333333333333	35.63221193398931
253.08	35.63000557696796
254.18666666666667	35.62759910855675
255.29166666666666	35.62532220603316
256.3983333333333	35.62344884194317
257.505	35.622080225584796
258.6116666666667	35.62110165366903
259.71666666666664	35.62023229969782
260.8233333333333	35.61914568199427
261.93	35.61760897573549
263.0366666666667	35.61558136716485
264.1433333333333	35.61323117974098
265.25	35.61086394038284
266.3566666666667	35.608791720005684
267.4633333333333	35.60719899032847
268.57	35.6060634869209
269.6766666666667	35.605166064488
270.78333333333336	35.604185781267006
271.89	35.60283838160103
272.99833333333333	35.60099762835307
274.105	35.598749721975764
275.21166666666664	35.59635548808728
276.3183333333333	35.5941382367746
277.4266666666667	35.59234374333755
278.53333333333336	35.591034033859614
279.64	35.59006045179558
280.74833333333333	35.58912849111948
281.855	35.58792684270884
282.9633333333333	35.58626153317164
284.07	35.5841397504264
285.17833333333334	35.581766613177024
286.285	35.579455582774244
287.3933333333333	35.57749250612687
288.5	35.576010585646145
289.60833333333335	35.57493162952596
290.71666666666664	35.57400167701417
291.8233333333333	35.57290183380246
292.9316666666667	35.5713882825512
294.04	35.56939859772683
295.1483333333333	35.56707825118792
296.255	35.56471695119399
297.36333333333334	35.56262177226017
298.4716666666667	35.56098209301126
299.58	35.55978557415074
300.68833333333333	35.55882425062009
301.7966666666667	35.55778682639357
302.905	35.55639628611971
304.0133333333333	35.55453169246903
305.12166666666667	35.55228105542483
306.23	35.54990249394905
307.3383333333333	35.547709964885144
308.44666666666666	35.54593435910647
309.5566666666667	35.544620386644965
310.665	35.54360719572287
311.7733333333333	35.542600330518326
312.88166666666666	35.54130316115334
313.9916666666667	35.53954854505719
315.1	35.53737273396109
316.2083333333333	35.53499927584198
317.3183333333333	35.53273896686733
318.4266666666667	35.530851646035444
319.5366666666667	35.529429311282
320.645	35.52835469236015
321.755	35.52735502817086
322.86333333333334	35.52612398416386
323.97333333333336	35.52445996901952
325.08166666666665	35.52235522511182
326.19166666666666	35.51999951741891
327.3016666666667	35.51769511177554
328.41	35.515720189141575
329.52	35.514203693310264
330.63	35.513066744897515
331.74	35.51205865733209
332.84833333333336	35.51087083251332
333.9583333333333	35.50927652249811
335.0683333333333	35.50723293374176
336.17833333333334	35.50490013221861
337.28833333333336	35.5025687647867
338.3983333333333	35.50052823848091
339.5083333333333	35.49893495437573
340.61833333333334	35.49774080602219
341.72833333333335	35.49671549189952
342.8383333333333	35.49555210993276
343.9483333333333	35.49400713745854
345.05833333333334	35.492011229507625
346.17	35.489700223115506
347.28	35.487353755161166
348.39	35.48526697559282
349.5	35.48361531502451
350.6116666666667	35.48237329159747
351.7216666666667	35.481327378511196
352.83166666666665	35.48017382781836
353.9433333333333	35.478658606734825
355.05333333333334	35.47669465042418
356.165	35.47440043403185
357.275	35.47204647475155
358.38666666666666	35.46993002673844
359.49666666666667	35.46823825745378
360.60833333333335	35.4669604144874
361.72	35.465894164372
362.83	35.464738793234574
363.94166666666666	35.46323551418027
365.05333333333334	35.46128704911098
366.16333333333336	35.45900209865067
367.275	35.456645050726365
368.38666666666666	35.45451368772774
369.49833333333333	35.45279966929229
370.61	35.451499210466864
371.7216666666667	35.45041487159324
372.8333333333333	35.449248363875085
373.945	35.44774018446333
375.0566666666667	35.44579060617252
376.16833333333335	35.44350595475407
377.28	35.441149037797004
378.39166666666665	35.439016046439065
379.50333333333333	35.43729726516176
380.615	35.43598737887805
381.7266666666667	35.43488803115906
382.84	35.43370176048484
383.95166666666665	35.432172364380676
385.06333333333333	35.430205583543284
386.175	35.42791291692993
387.28833333333336	35.42555899475701
388.4	35.42343739973148
389.5133333333333	35.42173072419246
390.625	35.42042385452078
391.73833333333334	35.41931189902243
392.85	35.418096806824906
393.9633333333333	35.41653055217466
395.075	35.41453126090346
396.18833333333333	35.41222305284464
397.3	35.40987647138536
398.41333333333336	35.407779620436486
399.52666666666664	35.40610112249851
400.64	35.40480852170731
401.75166666666667	35.40368408503127
402.865	35.40242999297334
403.97833333333335	35.40081058308715
405.09166666666664	35.39876516078948
406.205	35.39643678595894
407.3183333333333	35.39410392331774
408.4316666666667	35.39204667249578
409.545	35.39041179101332
410.65833333333336	35.38914153978112
411.77166666666665	35.38800198075478
412.885	35.38669608460623
413.99833333333333	35.38500745416968
415.1116666666667	35.382904294965556
416.225	35.38055475582951
417.3383333333333	35.3782457728812
418.4533333333333	35.3762440259743
419.56666666666666	35.37466649941052
420.68	35.37342317504226
421.795	35.37226107000606
422.90833333333336	35.37088779776241
424.02166666666665	35.36911415649229
425.13666666666666	35.36694517752039
426.25	35.364578630105825
427.365	35.36230778918252
428.47833333333335	35.36037900848896
429.5933333333333	35.3588700236287
430.7083333333333	35.35765268752584
431.82166666666666	35.35645500742248
432.93666666666667	35.3549959952943
434.0516666666667	35.35312275562319
435.165	35.35088527860353
436.28	35.348512217751704
437.395	35.34629858113476
438.51	35.34446011763066
439.625	35.343026613554684
440.74	35.34182721996331
441.85333333333335	35.34057514480082
442.9683333333333	35.33900985712535
444.0833333333333	35.33702571003232
445.1983333333333	35.334723912819754
446.315	35.33236258008401
447.43	35.330228966631694
448.545	35.32849660186912
449.66	35.327138375578215
450.775	35.32594046628219
451.89	35.324609014060115
453.00666666666666	35.322916816949146
454.12166666666667	35.32081642988487
455.2366666666667	35.318463690782664
456.35333333333335	35.316140104987426
457.4683333333333	35.31411188087077
458.5833333333333	35.312496928236214
459.7	35.31120451298193
460.815	35.30998199494206
461.9316666666667	35.30854132914101
463.0466666666667	35.30670444815769
464.16333333333336	35.30449163445155
465.28	35.30211255783797
466.395	35.29985955901793
467.51166666666666	35.29796131988405
468.62833333333333	35.29646642055013
469.74333333333334	35.29521845121053
470.86	35.293935771187535
471.9766666666667	35.29235468231491
473.0933333333333	35.29036230393103
474.21	35.28805391033529
475.32666666666665	35.285684599512024
476.4433333333333	35.28354005902656
477.56	35.28179094355437
478.6766666666667	35.28040563323884
479.79333333333335	35.27916629464016
480.91	35.2777805608639
482.02666666666664	35.27603088223259
483.1433333333333	35.273885259084636
484.26	35.2715135733888
485.37833333333333	35.26920092335786
486.495	35.267201782698976
487.6116666666667	35.26560903337668
488.73	35.264305887540104
489.8466666666667	35.263026040775
490.9633333333333	35.26149173339945
492.08166666666665	35.25955560544389
493.1983333333333	35.25727691958309
494.31666666666666	35.25489117673715
495.43333333333334	35.2526883034443
496.5516666666667	35.25086369845667
497.66833333333335	35.24941566356574
498.7866666666667	35.24814706252073
499.905	35.24676756278495
501.02166666666665	35.24504418237484
502.14	35.242922111501684
503.2583333333333	35.24055317611783
504.37666666666667	35.23821700873668
505.49333333333334	35.23617560931598
506.6116666666667	35.23453680318198
507.73	35.23319739251747
508.84833333333336	35.231897372432286
509.96666666666664	35.230356193642365
511.085	35.22841917074402
512.2033333333334	35.2261381536664
513.3216666666667	35.22374475360266
514.44	35.22152908044518
515.5583333333333	35.21968727072817
516.6783333333333	35.218218080262886
517.7966666666666	35.216923661209876
518.915	35.215513951698085
520.0333333333333	35.213759575708536
521.1533333333333	35.21161210592254
522.2716666666666	35.209230327018304
523.39	35.20689635552117
524.51	35.20486612324021
525.6283333333333	35.20323439370259
526.7483333333333	35.201883776608156
527.8666666666667	35.2005473083409
528.9866666666667	35.19895036806702
530.105	35.19695662762388
531.225	35.1946397779102
532.345	35.19224533010856
533.4633333333334	35.19005923808436
534.5833333333334	35.18825602004654
535.7033333333334	35.18680488996324
536.8233333333334	35.185486202681204
537.9416666666667	35.1840093419014
539.0616666666666	35.18216805605334
540.1816666666666	35.17995097718085
541.3016666666666	35.17754733984475
542.4216666666666	35.17524619746837
543.5416666666666	35.17328090310912
544.6616666666666	35.17170341583551
545.7816666666666	35.17035624754499
546.9016666666666	35.168957342830254
548.0216666666666	35.167252398241544
549.1433333333333	35.16515188894118
550.2633333333333	35.162779303936986
551.3833333333333	35.160404623457
552.5033333333333	35.15829855678021
553.625	35.156585522781825
554.745	35.15517593550612
555.865	35.153815155354096
556.9866666666667	35.15222144560539
558.1066666666667	35.15023982836283
559.2283333333334	35.14792548448895
560.3483333333334	35.14551438202034
561.47	35.14329455283587
562.59	35.14144943837891
563.7116666666667	35.13995635075844
564.8333333333334	35.138600045320345
565.9533333333334	35.13708974860492
567.075	35.1352187768498
568.1966666666667	35.132977835746715
569.3183333333334	35.13055989678833
570.44	35.12825448488002
571.56	35.12628883254365
572.6816666666666	35.1247024438635
573.8033333333333	35.12332504396909
574.925	35.12187074011308
576.0466666666666	35.12009581972961
577.1683333333333	35.11793321449659
578.29	35.115529498580145
579.4133333333333	35.11316395524773
580.535	35.11109426690382
581.6566666666666	35.10941358617856
582.7783333333333	35.10799810537719
583.9	35.1065762595681
585.0233333333333	35.10487970124814
586.145	35.10279255497153
587.2666666666667	35.100415997294476
588.39	35.09801162217627
589.5116666666667	35.095856132829795
590.635	35.094086734898156
591.7566666666667	35.09262363440939
592.88	35.091215247666696
594.0016666666667	35.0895789997594
595.125	35.087559572275495
596.2483333333333	35.08521620169631
597.37	35.082788994623115
598.4933333333333	35.08056507926085
599.6166666666667	35.078716485440964
600.74	35.07720298875938
601.8616666666667	35.07579458018881
602.985	35.074201804673066
604.1083333333333	35.072238928842125
605.2316666666667	35.0699288326723
606.355	35.06748994332156
607.4783333333334	35.0652133616677
608.6016666666667	35.063297503074864
609.725	35.061735312774545
610.8483333333334	35.06031799406628
611.9716666666667	35.05875421469682
613.0966666666667	35.05683536131983
614.22	35.054554667294724
615.3433333333334	35.052110735705355
616.4666666666667	35.04979488570825
617.5916666666667	35.04782451418578
618.715	35.046219034848036
619.84	35.04478811300942
620.9633333333334	35.043240778759355
622.0883333333334	35.04135307375691
623.2116666666667	35.03909483188181
624.3366666666667	35.036648800451076
625.46	35.03430442578974
626.585	35.03229258567444
627.7083333333334	35.03065176701057
628.8333333333334	35.029205360478954
629.9583333333334	35.027664670633385
631.0833333333334	35.0257948426588
632.2066666666667	35.02355064047151
633.3316666666667	35.021102487371536
634.4566666666667	35.01873884742963
635.5816666666667	35.016698277468095
636.7066666666667	35.015031269722385
637.8316666666667	35.01357039131108
638.9566666666667	35.01202793777338
640.0816666666667	35.010163326660404
641.2066666666667	35.00792302293121
642.3316666666667	35.005471595650306
643.4583333333334	35.00309620358166
644.5833333333334	35.001039175404
645.7083333333334	34.99935609361273
646.8333333333334	34.99788263798109
647.96	34.99633113897289
649.085	34.99445951238158
650.21	34.99221304009552
651.3366666666667	34.98975569746108
652.4616666666667	34.987375546916155
653.5883333333334	34.98531423610984
654.7133333333334	34.98362520840601
655.84	34.98214116625604
656.9666666666667	34.980573789653135
658.0916666666667	34.97868311605998
659.2183333333334	34.976420037128264
660.345	34.97395473605138
661.47	34.97157665042323
662.5966666666667	34.96952300120029
663.7233333333334	34.96783766677254
664.85	34.9663449851505
665.9766666666667	34.964754073735094
667.1033333333334	34.96283228669199
668.23	34.96054315837682
669.3566666666667	34.95806854116381
670.4833333333333	34.95570020386367
671.61	34.95366619536071
672.7366666666667	34.951993678259896
673.8633333333333	34.95049268894945
674.99	34.94887001361349
676.1183333333333	34.94690490697394
677.245	34.944581487070536
678.3716666666667	34.942098230385454
679.5	34.93974889643141
680.6266666666667	34.937746503419476
681.755	34.93609411161742
682.8816666666667	34.93458258380997
684.01	34.9329179727647
685.1366666666667	34.93089755429537
686.265	34.92853367861244
687.3916666666667	34.92604501298047
688.52	34.92372571854503
689.6483333333333	34.92176669315086
690.775	34.92013915456482
691.9033333333333	34.918612094043056
693.0316666666666	34.91689324946492
694.16	34.914806286542444
695.2883333333333	34.91239831855637
696.4166666666666	34.90991139478865
697.545	34.90763524969225
698.6733333333333	34.90573018716532
699.8016666666666	34.90412885512342
700.93	34.902577050525
702.0583333333333	34.900789858511416
703.1866666666666	34.898626109497854
704.315	34.89617486993666
705.4433333333334	34.89370105598937
706.5733333333334	34.891482754756
707.7016666666667	34.88964046482579
708.83	34.888061986566754
709.96	34.88647150734323
711.0883333333334	34.88460059670615
712.2183333333334	34.882353006833
713.3466666666667	34.87986456384533
714.4766666666667	34.877419728582026
715.605	34.875275092053926
716.735	34.873500599496765
717.865	34.87193547116476
718.9933333333333	34.870287999365246
720.1233333333333	34.86831750997226
721.2533333333333	34.86598349918495
722.3833333333333	34.86347090583877
723.5116666666667	34.861075467051705
724.6416666666667	34.85901933381683
725.7716666666666	34.85731179607683
726.9016666666666	34.85574319711304
728.0316666666666	34.85401638536132
729.1616666666666	34.85193281885586
730.2916666666666	34.84951672216994
731.4216666666666	34.84700022163452
732.5533333333333	34.84467802409199
733.6833333333333	34.84272193236393
734.8133333333334	34.84107240437879
735.9433333333334	34.83947609711322
737.075	34.837645240622805
738.205	34.83543962138356
739.335	34.83295502883266
740.4666666666667	34.83046272667707
741.5966666666667	34.8282383311016
742.7283333333334	34.826387262000935
743.8583333333333	34.82477678408031
744.99	34.82312098276452
746.12	34.821162201842526
747.2516666666667	34.81883446875145
748.3833333333333	34.81630607202533
749.515	34.81387226856896
750.645	34.811767450446496
751.7766666666666	34.81001530089998
752.9083333333333	34.808413069549715
754.04	34.80666152681806
755.1716666666666	34.80455648168572
756.3033333333333	34.802119316736935
757.435	34.79958356838324
758.5666666666667	34.79724552380503
759.6983333333334	34.79527381641674
760.83	34.79360045676003
761.9616666666667	34.791964440228185
763.0933333333334	34.79008028443786
764.2266666666667	34.787821658392204
765.3583333333333	34.78530311040231
766.49	34.78280655617709
767.6233333333333	34.7805988327309
768.755	34.778759240725776
769.8883333333333	34.77712756357505
771.02	34.7754076232377
772.1533333333333	34.77336047872086
773.285	34.770958338776836
774.4183333333333	34.76840408911812
775.55	34.765998635703
776.6833333333333	34.763945235317806
777.8166666666667	34.762216886883834
778.9483333333334	34.760573147650575
780.0816666666667	34.758717507793335
781.215	34.75649181564222
782.3483333333334	34.753978894877946
783.4816666666667	34.75144913609256
784.615	34.749183498934144
785.7483333333333	34.74728863875498
786.8816666666667	34.74562652918394
788.015	34.74390521805617
789.1483333333333	34.741871148435166
790.2816666666666	34.73947602396947
791.4166666666666	34.736908860941185
792.55	34.73447142969235
793.6833333333333	34.732379441993544
794.8166666666667	34.73061898475862
795.9516666666667	34.72895546074142
797.085	34.72708950939705
798.22	34.72485537422472
799.3533333333334	34.72233059219434
