0.03666666666666667	88.00022765274775
0.49166666666666664	88.00128041120843
0.9483333333333334	88.00241990250015
1.4033333333333333	88.00341464634585
1.86	88.00451972319934
2.315	88.0055172437551
2.77	88.00659223545608
3.2266666666666666	88.00761200741363
3.6816666666666666	88.00866824842615
4.138333333333334	88.00972026226646
4.593333333333334	88.01076736033338
5.048333333333333	88.01184881765494
5.505	88.01289161522163
5.96	88.01398866282852
6.416666666666667	88.01502865032944
6.871666666666667	88.01612326849408
7.326666666666667	88.01716231316732
7.783333333333333	88.01824011090957
8.238333333333333	88.01928194232005
8.693333333333333	88.02033833469523
9.15	88.02138834419111
9.605	88.02242858196223
10.061666666666667	88.02349093443809
10.516666666666667	88.02452512145464
10.971666666666666	88.02560065319085
11.428333333333333	88.026637910707
11.883333333333333	88.02772094495595
12.338333333333333	88.02876718232255
12.795	88.02984727649346
13.25	88.03090309820618
13.705	88.0319709811829
14.161666666666667	88.0330331631285
14.616666666666667	88.03408460453284
15.071666666666667	88.0351503341899
15.528333333333334	88.03618764573002
15.983333333333333	88.0372553802772
16.438333333333333	88.03828773784517
16.895	88.03935589380671
17.35	88.04039402020862
17.805	88.04146188190316
18.26	88.04251228757494
18.716666666666665	88.04357717426683
19.171666666666667	88.04464173313136
19.626666666666665	88.0456998273985
20.083333333333332	88.04677343186995
20.538333333333334	88.0478232416408
20.993333333333332	88.04889846533115
21.448333333333334	88.04994046986394
21.905	88.05101091147662
22.36	88.05205078779181
22.815	88.0531128614166
23.27166666666667	88.05415709593944
23.726666666666667	88.05521203130411
24.18166666666667	88.0562669115534
24.636666666666667	88.05731694492351
25.093333333333334	88.05838380567366
25.548333333333332	88.0594325828497
26.003333333333334	88.0605080424175
26.458333333333332	88.06155688453146
26.915	88.06263321257575
27.37	88.06368363339061
27.825	88.06475339151802
28.28	88.06580558530186
28.735	88.06686372336117
29.191666666666666	88.06791945135046
29.64666666666667	88.06896696632975
30.101666666666667	88.07002732428373
30.55666666666667	88.07106862705041
31.013333333333332	88.07213417976527
31.468333333333334	88.07317654500366
31.923333333333332	88.07424599972364
32.37833333333333	88.075294396549
32.833333333333336	88.07636350638859
33.29	88.07742015715121
33.745	88.07848455489875
34.2	88.07954828962465
34.655	88.08060395458597
35.11	88.0816708598104
35.565	88.08271755187889
36.02166666666667	88.08378428711876
36.47666666666667	88.08482605481913
36.931666666666665	88.0858900711246
37.38666666666666	88.0869326917491
37.84166666666667	88.08799316266231
38.29666666666667	88.08904267216349
38.75333333333333	88.09010007762481
39.208333333333336	88.09115997173649
39.663333333333334	88.09221461897323
40.11833333333333	88.093283303715
40.57333333333333	88.09433531250761
41.028333333333336	88.09540791098698
41.483333333333334	88.09645775390891
41.94	88.0975281431347
42.395	88.09857742999156
42.85	88.09964069268972
43.305	88.1006914365571
43.76	88.1017459015311
44.215	88.10280084999249
44.67	88.10384865446395
45.125	88.1049096768038
45.58	88.10595510203711
46.03666666666667	88.10702197424689
46.49166666666667	88.10806969140685
46.946666666666665	88.10913925826753
47.401666666666664	88.1101918332206
47.85666666666667	88.11125943120715
48.31166666666667	88.11231732670421
48.766666666666666	88.11337854658632
49.221666666666664	88.11444036236935
49.67666666666667	88.11549314250442
50.13166666666667	88.11655674817302
50.586666666666666	88.11760246153426
51.041666666666664	88.11866597770859
51.498333333333335	88.11970914048288
51.95333333333333	88.12077153907012
52.40833333333333	88.12181772718759
52.86333333333334	88.12287822674989
53.318333333333335	88.12393171629083
53.77333333333333	88.12498985407728
54.22833333333333	88.12605191978946
54.68333333333333	88.12710720249015
55.138333333333335	88.12817552952765
55.593333333333334	88.12922779015935
56.04833333333333	88.1302977215455
56.50333333333333	88.131347613853
56.958333333333336	88.13241416301025
57.413333333333334	88.13346353254019
57.86833333333333	88.13452349077124
58.32333333333333	88.13557501034666
58.778333333333336	88.13662804259366
59.233333333333334	88.13768422241992
59.68833333333333	88.13873265007715
60.14333333333333	88.13979461101553
60.598333333333336	88.14084207715496
61.053333333333335	88.14190867542493
61.50833333333333	88.14295852625946
61.96333333333333	88.1440265029596
62.41833333333334	88.14508061568631
62.873333333333335	88.14614572529536
63.32833333333333	88.14720415448392
63.78333333333333	88.14826293510123
64.23833333333333	88.14932439181575
64.69333333333333	88.15037579679483
65.14833333333333	88.15143849551532
65.60333333333334	88.15248444680037
66.05833333333334	88.15354682137695
66.51333333333334	88.1545915710376
66.96833333333333	88.15565259774303
67.42333333333333	88.15670090971253
67.87833333333333	88.1577600057426
68.33166666666666	88.1588152873519
68.78666666666666	88.15987224534183
69.24166666666666	88.16093497243855
69.69666666666667	88.16198942895426
70.15166666666667	88.1630570793277
70.60666666666667	88.16410921226634
71.06166666666667	88.16517746399768
71.51666666666667	88.16622812792048
71.97166666666666	88.16729264708556
72.42666666666666	88.16834348781413
72.88166666666666	88.16940166270797
73.33666666666667	88.17045473533653
73.79	88.17150663253415
74.245	88.17256393758726
74.7	88.17361204874032
75.155	88.17467386452336
75.61	88.17572151183413
76.065	88.17678660616366
76.52	88.17783701251756
76.975	88.17890256304963
77.43	88.1799575074183
77.88333333333334	88.18102032837487
78.33833333333334	88.18207999738661
78.79333333333334	88.1831374268586
79.24833333333333	88.1841999171229
79.70333333333333	88.1852511638499
80.15833333333333	88.1863142380098
80.61333333333333	88.1873610569528
81.06666666666666	88.18842291966575
81.52166666666666	88.18946929004596
81.97666666666667	88.1905287538757
82.43166666666667	88.191578335136
82.88666666666667	88.19263495915948
83.34166666666667	88.19369055727293
83.795	88.19474489155255
84.25	88.19580734798365
84.705	88.19686022525275
85.16	88.19792694248463
85.615	88.19897895427857
86.07	88.20004599128879
86.52333333333333	88.20109846474224
86.97833333333334	88.20216224721662
87.43333333333334	88.20321574330592
87.88833333333334	88.20427319569717
88.34333333333333	88.20532855916099
88.79666666666667	88.2063799597745
89.25166666666667	88.2074382951032
89.70666666666666	88.20848547202331
90.16166666666666	88.2095461800418
90.615	88.21059284618968
91.07	88.21165547342389
91.525	88.21270547487075
91.98	88.21376768901246
92.435	88.21482277635369
92.88833333333334	88.21588301725569
93.34333333333333	88.21694375146762
93.79833333333333	88.21799992801971
94.25333333333333	88.2190637923486
94.70666666666666	88.22011594602372
95.16166666666666	88.22118054595194
95.61666666666666	88.22222949092975
96.07166666666667	88.22329135364271
96.525	88.2243400104926
96.98	88.22539809480077
97.435	88.22644886895432
97.88833333333334	88.2275025571289
98.34333333333333	88.22855829712353
98.79833333333333	88.22960929392138
99.25333333333333	88.2306698949833
99.70666666666666	88.23172013653675
100.16166666666666	88.23278490017401
100.61666666666666	88.2338361654547
101.07	88.23490150098223
101.525	88.23595554495114
101.98	88.23701837027329
102.435	88.23807479129755
102.88833333333334	88.23913264859584
103.34333333333333	88.24019171734108
103.79833333333333	88.24124329694314
104.25166666666667	88.24230375394109
104.70666666666666	88.2433513259457
105.16166666666666	88.24441153628868
105.615	88.24545808893163
106.07	88.24651764443843
106.525	88.24756648464245
106.97833333333334	88.24862439432763
107.43333333333334	88.24967875043512
107.88833333333334	88.25073431580677
108.34166666666667	88.25179461564403
108.79666666666667	88.25284848498995
109.25166666666667	88.25391263962956
109.705	88.25496526915231
110.16	88.25603078585118
110.61333333333333	88.25708239819505
111.06833333333333	88.2581457561173
111.52333333333333	88.25919796654489
111.97666666666667	88.26025618400308
112.43166666666667	88.26131031964906
112.88666666666667	88.26236266322667
113.34	88.26341942694853
113.795	88.2644677956705
114.24833333333333	88.26552681421163
114.70333333333333	88.26657409590553
115.15833333333333	88.26763482575188
115.61166666666666	88.26868405230925
116.06666666666666	88.26974528637948
116.52	88.27079849434085
116.975	88.2718583685346
117.43	88.27291637644521
117.88333333333334	88.2739733409835
118.33833333333334	88.27503533902927
118.79166666666667	88.27608845967916
119.24666666666667	88.27715202714899
119.7	88.27820203077863
120.155	88.27926435842528
120.61	88.28031315715634
121.06333333333333	88.2813720687409
121.51833333333333	88.28242221206892
121.97166666666666	88.28347668386414
122.42666666666666	88.28453025635099
122.88	88.28558110908489
123.335	88.28663903623237
123.78833333333333	88.28768817111268
124.24333333333334	88.28874984174035
124.69666666666667	88.28979953759699
125.15166666666667	88.29086296100286
125.605	88.29191509939847
126.06	88.2929775667435
126.515	88.29403306444874
126.96833333333333	88.29509205897921
127.42333333333333	88.29615062568337
127.87666666666667	88.2972048551892
128.33166666666668	88.29826517030597
128.785	88.2993150560651
129.24	88.30037532752613
129.69333333333333	88.30142296719714
130.14833333333334	88.30248162994394
130.60166666666666	88.3035298960749
131.05666666666667	88.30458596567041
131.51	88.3056376107561
131.96333333333334	88.30669104136177
132.41833333333332	88.3077476042672
132.87166666666667	88.30879920133157
133.32666666666665	88.30986033499357
133.78	88.31091132742586
134.235	88.31197502804571
134.68833333333333	88.31302673424943
135.14333333333335	88.31409005069872
135.59666666666666	88.31514347693883
136.05166666666668	88.31620348864817
136.505	88.3172591085895
136.96	88.31831405186676
137.41333333333333	88.3193716952519
137.86666666666667	88.32042174253729
138.32166666666666	88.32148050132673
138.775	88.32252756037633
139.23	88.32358629515511
139.68333333333334	88.32463328435551
140.13833333333332	88.32569089936442
140.59166666666667	88.32674080695142
141.045	88.32779680669773
141.5	88.32885131778312
141.95333333333335	88.32990559094469
142.40833333333333	88.3309647666465
142.86166666666668	88.33201755114715
143.315	88.33308000321267
143.77	88.33413183383527
144.22333333333333	88.33519513282226
144.67833333333334	88.33624670805875
145.13166666666666	88.33730790938716
145.585	88.33836053236155
146.04	88.3394171432883
146.49333333333334	88.34047172858845
146.94666666666666	88.34152303970768
147.40166666666667	88.34257972048363
147.855	88.34362754787435
148.31	88.3446852916677
148.76333333333332	88.34573217172874
149.21666666666667	88.34679052451975
149.67166666666665	88.34783888014499
150.125	88.34889691861463
150.57833333333335	88.34994914432173
151.03333333333333	88.35100545184105
151.48666666666668	88.35206270887284
151.94	88.35311670263764
152.395	88.35417772497749
152.84833333333333	88.35522996814689
153.30166666666668	88.35629243112635
153.75666666666666	88.35734335370944
154.21	88.35840489336988
154.66333333333333	88.35945566534065
155.11833333333334	88.36051343532745
155.57166666666666	88.36156576799112
156.025	88.36261890173773
156.48	88.36367294570664
156.93333333333334	88.36472229231731
157.38666666666666	88.3657788443088
157.84	88.36682566106902
158.295	88.36788393309689
158.74833333333333	88.36893154875725
159.20166666666665	88.36999006307451
159.65666666666667	88.3710403679288
160.11	88.37209824268939
160.56333333333333	88.37315299606416
161.01666666666668	88.37420841300627
161.47166666666666	88.37526726783835
161.925	88.3763204474235
162.37833333333333	88.37738176443963
162.83166666666668	88.37843252549646
163.28666666666666	88.37949398875935
163.74	88.38054405350704
164.19333333333333	88.3816029454465
164.64666666666668	88.38265320009668
165.10166666666666	88.38370819139527
165.555	88.38476054806961
166.00833333333333	88.38581123927725
166.46166666666667	88.3868658420397
166.91666666666666	88.38791352973203
167.37	88.38897077148431
167.82333333333332	88.39001782835112
168.27666666666667	88.39107615494868
168.73	88.39212471793871
169.185	88.39318311656825
169.63833333333332	88.39423554964014
170.09166666666667	88.39529223041609
170.545	88.39634858595673
170.99833333333333	88.39740255352808
171.45333333333335	88.39846243863576
171.90666666666667	88.3995140749903
172.36	88.40057501001866
172.81333333333333	88.40162475171383
173.26666666666668	88.4026843115862
173.72166666666666	88.40373384373379
174.175	88.4047904961335
174.62833333333333	88.40584118952393
175.08166666666668	88.4068935571122
175.535	88.4079463830858
175.98833333333334	88.40899502902175
176.44333333333333	88.41005057038274
176.89666666666668	88.41109758577659
177.35	88.4121550458076
177.80333333333334	88.4132024126302
178.25666666666666	88.41426037906785
178.71	88.41531029102043
179.165	88.41636730358005
179.61833333333334	88.41742133445223
180.07166666666666	88.41847646326642
180.525	88.41953417431796
180.97833333333332	88.42058663140051
181.43166666666667	88.42164660600247
181.885	88.42269683227642
182.33833333333334	88.42375685926527
182.79333333333332	88.42480603561853
183.24666666666667	88.42586409591604
183.7	88.42691387690138
184.15333333333334	88.42796812823508
184.60666666666665	88.42901953757973
185.06	88.43006977258483
185.51333333333332	88.43112351751188
185.96666666666667	88.4321707271738
186.42	88.43322658503894
186.87333333333333	88.43427287356462
187.32666666666665	88.4353299101349
187.78166666666667	88.43637777026743
188.235	88.43743469333276
188.68833333333333	88.43848587130196
189.14166666666668	88.43954125768505
189.595	88.4405964432517
190.04833333333335	88.44164962065406
190.50166666666667	88.44270806730492
190.955	88.44375906191999
191.40833333333333	88.44481897103833
191.86166666666668	88.44586855557282
192.315	88.44692759157624
192.76833333333335	88.44797705387464
193.22166666666666	88.4490331649431
193.675	88.45008369680727
194.12833333333333	88.4511357784504
194.58166666666668	88.45218820497394
195.035	88.45323648420162
195.48833333333334	88.4542909101583
195.94166666666666	88.45533695421182
196.395	88.45639270293759
196.84833333333333	88.45743874262553
197.30166666666668	88.45849470089888
197.755	88.45954301068559
198.20833333333334	88.46059795178007
198.66166666666666	88.46165001596091
199.115	88.46270320209442
199.56833333333333	88.46375923458254
