0.4533333333333333	82.00068199718089
0.9383333333333334	82.0017211459458
1.425	82.00263528048026
1.9116666666666666	82.0036689505855
2.3983333333333334	82.00458758145714
2.885	82.00561887696267
3.37	82.00654039682149
3.8566666666666665	82.00756696942335
4.343333333333334	82.00849491622648
4.83	82.00951415155942
5.316666666666666	82.01044956172154
5.801666666666667	82.01146312317178
6.288333333333333	82.0124024352026
6.775	82.01341265998963
7.261666666666667	82.01435590035544
7.748333333333333	82.0153613346065
8.233333333333333	82.01631114188785
8.72	82.01730881742151
9.206666666666667	82.01826607919429
9.693333333333333	82.01925785983804
10.178333333333333	82.02022006139487
10.665	82.02120755408941
11.151666666666667	82.02217399816618
11.638333333333334	82.02315656294559
12.123333333333333	82.02412950395228
12.61	82.02510503360827
13.096666666666666	82.0260842636344
13.583333333333334	82.0270550290843
14.068333333333333	82.02803812441744
14.555	82.02900570354359
15.041666666666666	82.02999185191402
15.528333333333334	82.03095613939695
16.013333333333332	82.03194657626227
16.5	82.03290613855643
16.986666666666668	82.03390065546046
17.471666666666668	82.03485796525456
17.958333333333332	82.03585343658233
18.445	82.0368102935845
18.93166666666667	82.03780665003251
19.416666666666668	82.03876238494558
19.903333333333332	82.03975999895192
20.39	82.04071474574448
20.875	82.04171298170877
21.361666666666668	82.0426681787012
21.848333333333333	82.04366487184416
22.333333333333332	82.04462256690022
22.82	82.04561681013729
23.30666666666667	82.04657629521535
23.791666666666668	82.04756954501136
24.278333333333332	82.04853009474391
24.765	82.04952152600526
25.25	82.05048529998749
25.736666666666668	82.0514726352485
26.223333333333333	82.05244080400007
26.708333333333332	82.05342449373347
27.195	82.05439544226465
27.68166666666667	82.05537709409327
28.166666666666668	82.05635038939363
28.653333333333332	82.05732883798191
29.138333333333332	82.0583063848062
29.625	82.05928037450576
30.111666666666668	82.06026209563788
30.596666666666668	82.06123288400704
31.083333333333332	82.06221694890701
31.57	82.06318620032107
32.055	82.06417199971838
32.541666666666664	82.06513880040802
33.026666666666664	82.06612777685223
33.513333333333335	82.06709147743823
34.0	82.06808325685415
34.485	82.06904527369261
34.971666666666664	82.07003755023834
35.45666666666666	82.07099981427746
35.943333333333335	82.07199204498465
36.428333333333335	82.07295410602455
36.915	82.0739470663284
37.401666666666664	82.0749085170064
37.88666666666666	82.07590158672247
38.373333333333335	82.07686385212583
38.858333333333334	82.07785540589612
39.345	82.0788196914691
39.83	82.07980955576204
40.31666666666667	82.08077519520884
40.80166666666667	82.08176413781985
41.288333333333334	82.08273100017323
41.775	82.08371813407211
42.26	82.08468775192159
42.74666666666667	82.0856715690752
43.23166666666667	82.0866446340915
43.718333333333334	82.08762559779643
44.20333333333333	82.08860101585742
44.69	82.08958008108311
45.175	82.09055768356848
45.66166666666667	82.09153412617525
46.14666666666667	82.09251501975814
46.63333333333333	82.09348810141819
47.11833333333333	82.09447210192593
47.605	82.09544301007554
48.09	82.096428742625
48.57666666666667	82.09739840986003
49.06166666666667	82.09838564744132
49.54833333333333	82.0993535051457
50.03333333333333	82.10034295607329
50.52	82.1013088700056
51.005	82.10229973210517
51.49166666666667	82.10326522039395
51.97666666666667	82.10425596462301
52.461666666666666	82.10522182507702
52.94833333333333	82.10621257148887
53.43333333333333	82.10717809142807
53.92	82.10816939663346
54.405	82.10913484999764
54.891666666666666	82.11012559968367
55.376666666666665	82.11109252970346
55.86333333333334	82.11208149714366
56.348333333333336	82.1130503076347
56.833333333333336	82.11403783989226
57.32	82.11500785419048
57.805	82.11599411170027
58.291666666666664	82.11696604248573
58.776666666666664	82.11794984654261
59.263333333333335	82.11892492490733
59.748333333333335	82.1199056435944
60.233333333333334	82.1208833336641
60.72	82.12186219916475
61.205	82.12284144665318
61.69166666666667	82.12381889770768
62.17666666666667	82.12480019374198
62.66166666666667	82.12577497415623
63.14833333333333	82.1267593468292
63.63333333333333	82.1277314074905
64.11833333333334	82.12871804917086
64.605	82.12968873249338
65.09	82.13067614578904
65.57666666666667	82.13164617318398
66.06166666666667	82.13263486777578
66.54666666666667	82.13360326572001
67.03333333333333	82.13459371527279
67.51833333333333	82.13556099017296
68.00333333333333	82.13655185445532
68.49	82.13751961284288
68.975	82.1385097284292
69.46	82.13947813947016
69.94666666666667	82.14046826378762
70.43166666666667	82.14143640525435
70.91666666666667	82.14242659396405
71.40333333333334	82.1433957438785
71.88833333333334	82.14438401719235
72.37333333333333	82.14535553324822
72.86	82.14634197083797
73.345	82.14731476055022
73.83	82.14830025954143
74.31666666666666	82.14927448989329
74.80166666666666	82.15025802219316
75.28666666666666	82.15123469508399
75.77333333333333	82.15221587761334
76.25833333333334	82.15319500832265
76.74333333333334	82.15417384326429
77.22833333333334	82.15515508363751
77.715	82.15613248885347
78.2	82.15711513166752
78.685	82.15809065313806
79.17166666666667	82.15907609319402
79.65666666666667	82.16004898986284
80.14166666666667	82.16103614777239
80.62666666666667	82.16200813640171
81.11333333333333	82.1629963005762
81.59833333333333	82.16396740299388
82.08333333333333	82.16495637152548
82.56833333333333	82.16592657790898
83.055	82.16691702746175
83.54	82.16788610097865
84.025	82.1688766749503
84.51	82.16984648188372
84.995	82.17083661274955
85.48166666666667	82.17180685078347
85.96666666666667	82.17279641739879
86.45166666666667	82.17376707889343
86.93666666666667	82.17475657020259
87.42333333333333	82.1757281812097
87.90833333333333	82.1767158804505
88.39333333333333	82.17768945487478
88.87833333333333	82.1786754340792
89.36333333333333	82.17965086496406
89.85	82.1806355879744
90.335	82.1816120076619
90.82	82.18259517543629
91.305	82.18357392415783
91.79	82.18455480109697
92.27666666666667	82.18553620627063
92.76166666666667	82.1865147607241
93.24666666666667	82.18749760544597
93.73166666666667	82.18847505540907
94.21666666666667	82.18945946300664
94.70166666666667	82.19043534900266
95.18833333333333	82.19142195575841
95.67333333333333	82.19239553891384
96.15833333333333	82.19338370963669
96.64333333333333	82.19435638911818
97.12833333333333	82.19534526760981
97.61333333333333	82.1963176906138
98.09833333333333	82.1973073292611
98.585	82.19827890534361
99.07	82.19926934507384
99.555	82.20024019210541
100.04	82.20123074534058
100.525	82.20220236507885
101.01	82.20319213469338
101.495	82.20416465810558
101.98	82.2051540348184
102.465	82.20612702098151
102.95166666666667	82.20711576686881
103.43666666666667	82.2080897003616
103.92166666666667	82.20907680261007
104.40666666666667	82.21005283157865
104.89166666666667	82.21103810465138
105.37666666666667	82.21201577071042
105.86166666666666	82.21299985852966
106.34666666666666	82.21397883862664
106.83166666666666	82.2149614465161
107.31666666666666	82.21594261376595
107.80166666666666	82.21692289480416
108.28666666666666	82.21790638890525
108.77333333333333	82.21888487569231
109.25833333333334	82.21986965327233
109.74333333333334	82.22084700719279
110.22833333333334	82.22183311627305
110.71333333333334	82.22280889422109
111.19833333333334	82.22379693943367
111.68333333333334	82.22477106064616
112.16833333333334	82.22576040679996
112.65333333333334	82.22673396048776
113.13833333333334	82.22772357948998
113.62333333333333	82.22869696292037
114.10833333333333	82.22968715599563
114.59333333333333	82.2306598583964
115.07833333333333	82.23165072813572
115.56333333333333	82.2326233585045
116.04833333333333	82.23361378077243
116.53333333333333	82.23458741522336
117.01833333333333	82.23557683777472
117.50333333333333	82.236551371534
117.98833333333333	82.23754032260331
118.47333333333333	82.23851542388729
118.95833333333333	82.23950352366955
119.44333333333333	82.24048016381857
119.92833333333333	82.24146638640377
120.41333333333333	82.24244508928678
120.89833333333333	82.24342966168479
121.38333333333334	82.2444097353582
121.86833333333334	82.24539317925519
122.35333333333334	82.24637470448215
122.83833333333334	82.24735639123537
123.32333333333334	82.24834017346438
123.80833333333334	82.24931970798934
124.29333333333334	82.25030539142608
124.77833333333334	82.25128369485901
125.26333333333334	82.25227042166807
125.74666666666667	82.25324768391147
126.23166666666667	82.25423569856503
126.71666666666667	82.25521136519092
127.20166666666667	82.25620101256936
127.68666666666667	82.25717563800572
128.17166666666665	82.2581659140269
128.65666666666667	82.25914047397964
129.14166666666668	82.26013082858117
129.62666666666667	82.26110522482486
130.11166666666668	82.2620961425855
130.59666666666666	82.26307020486274
131.08166666666668	82.26406124267669
131.565	82.26503597506962
132.05	82.26602582544729
132.535	82.2670016426855
133.02	82.26799063741055
133.505	82.26896720989316
133.99	82.26995568511484
134.475	82.27093336208782
134.96	82.27192042068054
135.445	82.27290017130144
135.92833333333334	82.27388520426757
136.41333333333333	82.27486644573219
136.89833333333334	82.2758502279612
137.38333333333333	82.27683275508753
137.86833333333334	82.27781531277287
138.35333333333332	82.27879976948316
138.83833333333334	82.27978042377799
139.32166666666666	82.28076678824436
139.80666666666667	82.28174563300854
140.29166666666666	82.28273318927677
140.77666666666667	82.28371136829082
141.26166666666666	82.28470002468384
141.74666666666667	82.28567716469115
142.23	82.28666713293933
142.715	82.2876427864685
143.2	82.28863367148733
143.685	82.28960929445748
144.17	82.29060027770174
144.65333333333334	82.29157607311208
145.13833333333332	82.29256698868994
145.62333333333333	82.29354239774693
146.10833333333332	82.29453370186093
146.59333333333333	82.29550969372212
147.07666666666665	82.29650013126957
147.56166666666667	82.297477146858
148.04666666666665	82.29846636641014
148.53166666666667	82.2994445956283
149.01666666666668	82.30043338080577
149.5	82.30141222338716
149.985	82.30239956355945
150.47	82.30338038156333
150.955	82.30436604972056
151.43833333333333	82.30534866852395
151.92333333333335	82.30633264283824
152.40833333333333	82.30731654730334
152.89333333333335	82.3082997052552
153.37666666666667	82.30928502198367
153.86166666666668	82.31026611938432
154.34666666666666	82.31125359270663
154.83166666666668	82.31223335205868
155.315	82.31322186657053
155.8	82.31420060219534
156.285	82.31519012515491
156.76833333333335	82.31616819939518
157.25333333333333	82.31715866750164
157.73833333333334	82.31813547135971
158.22333333333333	82.31912723822461
158.70666666666668	82.32010366446048
159.19166666666666	82.32109502314415
159.67666666666668	82.3220720714744
160.16	82.32306348691054
160.645	82.32404021218827
161.13	82.32503180443018
161.61333333333334	82.32600915180228
162.09833333333333	82.32699966574728
162.58333333333334	82.32797825730813
163.06666666666666	82.3289678828587
163.55166666666668	82.32994734753447
164.03666666666666	82.33093604758324
164.52	82.33191679355514
165.005	82.3329041206307
165.49	82.33388640983321
165.97333333333333	82.33487222423719
166.45833333333334	82.33585619418591
166.94333333333333	82.3368405111978
167.42666666666668	82.33782595234516
167.91166666666666	82.33880901643715
168.39666666666668	82.33979589167575
168.88	82.34077740817156
169.365	82.34176597070473
169.85	82.34274624737736
170.33333333333334	82.34373581180989
170.81833333333333	82.34471523282991
171.30166666666668	82.34570572931261
171.78666666666666	82.34668424884148
172.27166666666668	82.34767589565308
172.755	82.34865347221785
173.24	82.34964567127463
173.72333333333333	82.35062348358042
174.20833333333334	82.3516152198863
174.69333333333333	82.35259354296431
175.17666666666668	82.35358514612017
175.66166666666666	82.3545633797039
176.145	82.35555519459012
176.63	82.35653377087147
177.11333333333334	82.35752484142722
177.59833333333333	82.358504716467
178.08333333333334	82.359494337652
178.56666666666666	82.36047551581578
179.05166666666668	82.36146420495061
179.535	82.36244648542197
180.02	82.36343385615328
180.50333333333333	82.36441804438073
180.98833333333334	82.3654034462379
181.47333333333333	82.36638954440423
181.95666666666668	82.36737354927754
182.44166666666666	82.36836066243995
182.925	82.36934376582212
183.41	82.37033217992575
183.89333333333335	82.37131374444289
184.37833333333333	82.37230386766896
184.86166666666668	82.3732841945457
185.34666666666666	82.37427516687603
185.83	82.37525509648549
186.315	82.37624655557738
186.79833333333335	82.3772258390818
187.28333333333333	82.37821824986895
187.76666666666668	82.37919682833308
188.25166666666667	82.38018962765636
188.735	82.38116844186152
189.22	82.38216077406832
189.70333333333335	82.38314012305636
190.18833333333333	82.38413232429593
190.67166666666665	82.38511181298236
191.15666666666667	82.38610378502926
191.64	82.3870840617019
192.125	82.38807489215105
192.60833333333332	82.3890566247428
193.09166666666667	82.39004623937944
193.57666666666665	82.39102898696729
194.06	82.39201770229556
194.545	82.39300168752379
195.02833333333334	82.39398884870752
195.51333333333332	82.39497484646563
195.99666666666667	82.3959601304523
196.48166666666665	82.39694783624145
196.965	82.39793191969511
197.44833333333332	82.39892070923815
197.93333333333334	82.39990370129817
198.41666666666666	82.40089383107261
198.90166666666667	82.40187545670778
199.385	82.40286684813327
199.87	82.40384788878146
