0.545	67.99993863568261
1.13	68.00011770445735
1.7166666666666666	68.00048304922939
2.3016666666666667	68.00056991133943
2.8866666666666667	68.00095554607424
3.473333333333333	68.00109017186742
4.058333333333334	68.0013782240053
4.645	68.00163291050012
5.23	68.00180856798761
5.816666666666666	68.00214269801472
6.401666666666666	68.00228788747518
6.988333333333333	68.00260078307474
7.573333333333333	68.00280914594623
8.158333333333333	68.00303660043028
8.745	68.00332921125118
9.33	68.00349546965663
9.916666666666666	68.00381173998176
10.501666666666667	68.00399596231728
11.088333333333333	68.00425996184458
11.673333333333334	68.0045151927061
12.26	68.00470960129132
12.845	68.00501467896538
13.43	68.00519150424407
14.016666666666667	68.00547869220281
14.601666666666667	68.00570260102177
15.188333333333333	68.00592758499988
15.773333333333333	68.00621163833966
16.36	68.00639496054828
16.945	68.00669183094215
17.53	68.00689364504251
18.116666666666667	68.00714685273306
18.701666666666668	68.00740496801154
19.288333333333334	68.00760510368491
19.873333333333335	68.00789899293704
20.458333333333332	68.00809008955184
21.045	68.00836474640164
21.63	68.0085973230689
22.216666666666665	68.00882018646917
22.801666666666666	68.00910070505779
23.388333333333332	68.00929277806063
23.973333333333333	68.00957916207153
24.558333333333334	68.00979129666302
25.145	68.0100378217503
25.73	68.0102984147652
26.316666666666666	68.01050162380307
26.901666666666667	68.01078889593555
27.486666666666668	68.01098897485645
28.073333333333334	68.0112554162406
28.658333333333335	68.01149409830032
29.245	68.01171530960346
29.83	68.0119936070696
30.415	68.01219158887761
31.001666666666665	68.01247074718049
31.586666666666666	68.01269022507768
32.17333333333333	68.01293208882271
32.75833333333333	68.01319442138265
33.343333333333334	68.0133996931545
33.93	68.01368242522585
34.515	68.0138890710623
35.1	68.01414965138974
35.68666666666667	68.0143930048871
36.27166666666667	68.01461268196363
36.858333333333334	68.0148899014057
37.443333333333335	68.01509223296307
38.028333333333336	68.01536590674004
38.615	68.01559143177656
39.2	68.0158291141197
39.785	68.01609356944027
40.37166666666667	68.016300398358
40.95666666666666	68.01657930536749
41.54333333333334	68.01679181553482
42.12833333333333	68.01704705949305
42.71333333333333	68.01729458948103
43.3	68.01751331895503
43.885	68.0177890352752
44.47	68.01799568438582
45.056666666666665	68.01826448645443
45.641666666666666	68.01849498961019
46.22833333333333	68.01872989190088
46.81333333333333	68.01899524270993
47.39833333333333	68.01920393545515
47.985	68.01947974427094
48.57	68.01969676816952
49.155	68.01994807765368
49.74166666666667	68.02019890064912
50.32666666666667	68.02041680748516
50.91166666666667	68.0206915862982
51.498333333333335	68.02090163810135
52.083333333333336	68.02116638536972
52.66833333333334	68.02140142708595
53.255	68.02163351085255
53.84	68.02189998361428
54.425	68.02211052354323
55.01166666666666	68.02238313784983
55.596666666666664	68.02260456497606
56.181666666666665	68.02285246931206
56.76833333333333	68.02310585517262
57.35333333333333	68.0233235925698
57.93833333333333	68.02359736539074
58.525	68.02381064553629
59.11	68.02407202012546
59.695	68.02431099167734
60.281666666666666	68.02454099088209
60.86666666666667	68.02480839105556
61.45166666666667	68.02502069440379
62.038333333333334	68.02529067463183
62.623333333333335	68.02551611290255
63.208333333333336	68.02576097470592
63.795	68.02601688686991
64.38	68.02623449002567
64.965	68.02650697391073
65.55166666666666	68.02672349767818
66.13666666666667	68.02698157734994
66.72166666666666	68.02722383945365
67.30833333333334	68.02745234344911
67.89333333333333	68.02772012015339
68.47833333333334	68.02793406168348
69.065	68.0282017619902
69.65	68.0284306370595
70.235	68.02867270707793
70.82166666666667	68.0289309231739
71.40666666666667	68.0291484695772
71.99166666666666	68.02941958703741
72.57666666666667	68.0296392976743
73.16333333333333	68.02989437928773
73.74833333333333	68.03013952376205
74.33333333333333	68.03036673773022
74.92	68.03063492370711
75.505	68.03085049032234
76.09	68.03111569679459
76.67666666666666	68.03134816800593
77.26166666666667	68.03158770162554
77.84666666666666	68.03184740856523
78.43166666666667	68.03206563927233
79.01833333333333	68.03233536411426
79.60333333333334	68.03255765589711
80.18833333333333	68.03281031352526
80.775	68.03305827706936
81.36	68.03328416172008
81.945	68.03355245901912
82.53	68.03377007418021
83.11666666666666	68.0340328697639
83.70166666666667	68.0342682004266
84.28666666666666	68.03450586448889
84.87333333333333	68.03476716595469
85.45833333333333	68.03498559311265
86.04333333333334	68.03525399736827
86.62833333333333	68.03547926647298
87.215	68.03572934841213
87.8	68.03597950784024
88.385	68.03620479113306
88.97	68.03647311680834
89.55666666666667	68.0366923341353
90.14166666666667	68.03695296330261
90.72666666666667	68.0371912472765
91.31333333333333	68.03742724696349
91.89833333333333	68.03768942809256
92.48333333333333	68.03790860722074
93.06833333333333	68.03817579238967
93.655	68.03840364045755
94.24	68.03865136062086
94.825	68.03890381634119
95.41	68.03912858777039
95.99666666666667	68.03939656965667
96.58166666666666	68.03961770674505
97.16666666666667	68.0398762873665
97.75166666666667	68.04011727799661
98.33833333333334	68.04035161112552
98.92333333333333	68.04061476468632
99.50833333333334	68.04083482456917
100.09333333333333	68.04110058110382
100.68	68.0413309175492
101.265	68.04157663500519
101.85	68.04183096246561
102.435	68.04205538792303
103.02166666666666	68.04232304348261
103.60666666666667	68.0425460490369
104.19166666666666	68.04280262695102
104.77666666666667	68.0430460273783
105.36333333333333	68.04327916215698
105.94833333333334	68.04354306332243
106.53333333333333	68.04376399086323
107.11833333333334	68.0440282500058
107.70333333333333	68.04426116759714
108.29	68.04450503950648
108.875	68.04476102370245
109.46	68.04498522214999
110.045	68.04525237348571
110.63166666666666	68.04547754436499
111.21666666666667	68.04573212939431
111.80166666666666	68.04597765149083
112.38666666666667	68.04620961411274
112.97166666666666	68.04647435237712
113.55833333333334	68.04669629818818
114.14333333333333	68.04695901955711
114.72833333333334	68.04719410029065
115.31333333333333	68.04743646389397
115.9	68.0476941724919
116.485	68.04791821268736
117.07	68.04818461423565
117.655	68.04841165685502
118.24	68.04866465936357
118.82666666666667	68.04891242099984
119.41166666666666	68.04914327258302
119.99666666666667	68.04940820402408
120.58166666666666	68.04963143331406
121.16666666666667	68.04989291158563
121.75333333333333	68.05013028097164
122.33833333333334	68.05037092017301
122.92333333333333	68.05062971361622
123.50833333333334	68.05085413470806
124.09333333333333	68.05112003312388
124.68	68.05134903370345
125.265	68.05160016774607
125.85	68.05184976292367
126.435	68.05208003388543
127.02	68.05234537787328
127.60666666666667	68.05256991247006
128.19166666666666	68.05282973618887
128.77666666666667	68.05306917485723
129.36166666666668	68.0533085764182
129.94666666666666	68.05356866643706
130.53166666666667	68.05379351317242
131.11833333333334	68.05405852101103
131.70333333333335	68.05428926782042
132.28833333333333	68.05453888046031
132.87333333333333	68.05479026334069
133.45833333333334	68.05502007809991
134.04333333333332	68.05528555523779
134.63	68.05551110264787
135.215	68.05576964725333
135.8	68.05601111373107
136.385	68.05624938460824
136.97	68.05651045906416
137.555	68.05673575108813
138.14166666666668	68.05699988144625
138.72666666666666	68.05723249672155
139.31166666666667	68.05748062943167
139.89666666666668	68.05773366031644
140.48166666666665	68.05796306034608
141.06666666666666	68.05822852657002
141.65333333333334	68.05845546659839
142.23833333333334	68.05871261640277
142.82333333333332	68.05895602119563
143.40833333333333	68.05919320504472
143.99333333333334	68.05945504565898
144.57833333333335	68.05968085936911
145.165	68.05994431524596
145.75	68.06017871167569
146.335	68.06042546268145
146.92	68.06067994293699
147.505	68.06090903301083
148.09	68.06117436390196
148.675	68.0614028187847
149.26166666666666	68.06165879206674
149.84666666666666	68.0619039801968
150.43166666666667	68.06214017087768
151.01666666666668	68.06240260521008
151.60166666666666	68.06262897334818
152.18666666666667	68.06289151900273
152.77166666666668	68.06312789740332
153.35666666666665	68.06337355919823
153.94333333333333	68.0636292858253
154.52833333333334	68.06385819909337
155.11333333333334	68.06412323967379
155.69833333333332	68.06435296493873
156.28333333333333	68.06460770494596
156.86833333333334	68.0648546982411
157.45333333333335	68.06509027774155
158.04	68.06535341056588
158.625	68.0655804095295
159.21	68.06584199912322
159.795	68.06607998842082
160.38	68.06632434927451
160.965	68.06658140521904
161.55	68.0668104057986
162.135	68.06707524556259
162.72	68.06730648349912
163.30666666666667	68.0675600120594
163.89166666666668	68.06780851366057
164.47666666666666	68.06804334664776
165.06166666666667	68.06830677633116
165.64666666666668	68.0685346986138
166.23166666666665	68.06879546529672
166.81666666666666	68.06903518117906
167.40166666666667	68.06927857942355
167.98666666666668	68.06953677696583
168.57166666666666	68.06976593470608
169.15833333333333	68.07003034882655
169.74333333333334	68.07026281785511
170.32833333333335	68.07051514588238
170.91333333333333	68.0707652343699
171.49833333333333	68.07099954567093
172.08333333333334	68.07126336825604
172.66833333333332	68.0714921985782
173.25333333333333	68.07175207250111
173.83833333333334	68.07199342329113
174.42333333333335	68.07223585237807
175.00833333333333	68.07249502780905
175.595	68.07272427067801
176.18	68.07298828098283
176.765	68.07322214262967
177.35	68.07347341200511
177.935	68.07372487783141
178.52	68.07395881587581
179.105	68.07422291349212
179.69	68.07445262347755
180.275	68.07471159809211
180.86	68.07495450084389
181.445	68.07519603062246
182.03	68.07545607043721
182.615	68.07568573458411
183.20166666666665	68.07594933234213
183.78666666666666	68.0761845975212
184.37166666666667	68.07643481915875
184.95666666666668	68.07668758810905
185.54166666666666	68.07692119000421
186.12666666666667	68.07718540330825
186.71166666666667	68.07741606498894
187.29666666666665	68.077674162123
187.88166666666666	68.07791849678324
188.46666666666667	68.07815927131742
189.05166666666668	68.07842002272082
189.63666666666666	68.07865000773745
190.22166666666666	68.07891319731425
190.80666666666667	68.07914990968129
191.39166666666668	68.0793992451072
191.97666666666666	68.0796533193643
192.56166666666667	68.07988675536762
193.14833333333334	68.08015109090775
193.73333333333332	68.08038270646648
194.31833333333333	68.08063988246431
194.90333333333334	68.08088562720513
195.48833333333334	68.08112570543017
196.07333333333332	68.08138706146565
196.65833333333333	68.08161747649137
197.24333333333334	68.08188012037135
197.82833333333335	68.08211811185174
198.41333333333333	68.08236654796929
198.99833333333333	68.08262164377084
199.58333333333334	68.08285491388233
