0.4216666666666667	88.0008359497765
0.875	88.00199768237462
1.3283333333333334	88.00301562324648
1.7816666666666667	88.00413625750707
2.235	88.0051491493191
2.6883333333333335	88.00622699064888
3.1416666666666666	88.00724970050169
3.595	88.00829331078148
4.048333333333333	88.00933481600168
4.501666666666667	88.01035818853506
4.955	88.01142075628832
5.408333333333333	88.01244003063857
5.861666666666666	88.01351963559227
6.315	88.01454922524954
6.7683333333333335	88.01563761073794
7.221666666666667	88.01668681505816
7.675	88.01777447217773
8.128333333333334	88.0188455691723
8.581666666666667	88.01992471246649
9.035	88.02101303833751
9.488333333333333	88.02207968565199
9.941666666666666	88.02317563340694
10.395	88.02423026618271
10.848333333333333	88.02532255886035
11.301666666666666	88.02636934560724
11.755	88.02744857539437
12.208333333333334	88.02849355479339
12.661666666666667	88.02955494738853
13.115	88.03060385471326
13.568333333333333	88.03164850696703
14.021666666666667	88.03270498065103
14.475	88.03373921064122
14.928333333333333	88.0348038937882
15.381666666666666	88.0358370288377
15.835	88.03690777385782
16.286666666666665	88.0379489165989
16.74	88.0390217090735
17.19333333333333	88.0400773418387
17.64666666666667	88.0411483646185
18.1	88.0422199685654
18.553333333333335	88.04328646915565
19.006666666666668	88.04437038647848
19.46	88.0454316126361
19.913333333333334	88.04652039511893
20.366666666666667	88.04757758121013
20.81833333333333	88.04866238651812
21.27166666666667	88.04971766649032
21.725	88.05079111161831
22.178333333333335	88.05184738694152
22.631666666666668	88.05290619320658
23.085	88.05396518664566
23.538333333333334	88.05501059550807
23.991666666666667	88.05607259464523
24.44333333333333	88.05710996075504
24.89666666666667	88.0581735571468
25.35	88.05921047605807
25.803333333333335	88.06027420778264
26.256666666666668	88.06131851324608
26.71	88.06238073066197
27.163333333333334	88.06343743435718
27.615	88.06449719913871
28.06833333333333	88.06556684348834
28.52166666666667	88.06662470951778
28.975	88.06770444434733
29.428333333333335	88.068762133571
29.881666666666668	88.0698456866412
30.333333333333332	88.07090481950581
30.786666666666665	88.07198459526262
31.24	88.07304662059323
31.69333333333333	88.07411725156271
32.14666666666667	88.07518248067936
32.598333333333336	88.07624119062893
33.05166666666667	88.07730785547392
33.505	88.07835560701278
33.958333333333336	88.07942187950175
34.41166666666667	88.08046344993272
34.86333333333334	88.08152663841611
35.31666666666667	88.08256766915292
35.77	88.083625957006
36.223333333333336	88.08467281414778
36.67666666666667	88.08572643465595
37.12833333333333	88.08678238992798
37.58166666666666	88.08783253052752
38.035	88.08889851488857
38.48833333333334	88.08994881756007
38.94	88.09102208779223
39.39333333333333	88.0920754501858
39.846666666666664	88.09315143553249
40.3	88.09421108053357
40.751666666666665	88.09528463343668
41.205	88.09635069474098
41.65833333333333	88.09741789873442
42.111666666666665	88.09848948139916
42.56333333333333	88.0995486093525
43.016666666666666	88.10062163101975
43.47	88.10167388728587
43.92333333333333	88.10274468960415
44.375	88.10379276146705
44.82833333333333	88.10485698049888
45.281666666666666	88.10590534594667
45.733333333333334	88.10696133259626
46.18666666666667	88.10801270701631
46.64	88.10906108010386
47.09166666666667	88.11011799443804
47.545	88.11116151955503
47.998333333333335	88.11222325348353
48.45166666666667	88.11326737886702
48.903333333333336	88.11433222326741
49.35666666666667	88.11538096197182
49.81	88.11644683228224
50.26166666666666	88.11750376953569
50.715	88.11856767642894
51.16833333333334	88.11963386106072
51.62	88.12069478080957
52.07333333333333	88.12176763167372
52.526666666666664	88.12282583057822
52.97833333333333	88.12390138919
53.431666666666665	88.12495762031176
53.885	88.12603097539977
54.336666666666666	88.12708718578506
54.79	88.12815345663694
55.24333333333333	88.12921144053689
55.695	88.13026840616658
56.14833333333333	88.13132794857665
56.6	88.1323767320282
57.053333333333335	88.13343711044581
57.50666666666667	88.13448034416069
57.958333333333336	88.13554049665981
58.41166666666667	88.13658264662081
58.865	88.13764098085812
59.31666666666667	88.1386868939444
59.77	88.13974204131227
60.221666666666664	88.14079544354172
60.675	88.14184770417341
61.12833333333333	88.14290931586584
61.58	88.14396047964692
62.03333333333333	88.14502845525567
62.485	88.14608116226736
62.93833333333333	88.14715203225205
63.391666666666666	88.14820846309885
63.843333333333334	88.14927816420095
64.29666666666667	88.15033927821787
64.74833333333333	88.15140464212163
65.20166666666667	88.15247011843894
65.65333333333334	88.15352933015674
66.10666666666667	88.15459713114251
66.56	88.1556503871252
67.01166666666667	88.1567173946678
67.465	88.15776657647802
67.91666666666667	88.1588296735572
68.37	88.15987778471026
68.82166666666667	88.16093463028665
69.275	88.16198449749209
69.72666666666667	88.16303459498158
70.18	88.16408796119504
70.63166666666666	88.16513297715574
71.085	88.16619000826904
71.53666666666666	88.1672332965536
71.99	88.16829283787229
72.44333333333333	88.16933838097611
72.895	88.1703985902277
73.34833333333333	88.17144981512683
73.8	88.17250891006552
74.25333333333333	88.173567627382
74.705	88.17462465631252
75.15833333333333	88.17569032034953
75.61	88.17674549281946
76.06333333333333	88.17781545149046
76.515	88.1788699363824
76.96833333333333	88.17994025303051
77.42	88.1809955870267
77.87333333333333	88.18206225842005
78.325	88.18311954601086
78.77666666666667	88.18417966249399
79.23	88.18523913505487
79.68166666666667	88.18629187371698
80.135	88.18735247914447
80.58666666666667	88.18839920095343
81.04	88.18945903803979
81.49166666666666	88.19050270831212
81.945	88.19155971214059
82.39666666666666	88.19260394557205
82.85	88.1936567791854
83.30166666666666	88.1947045934794
83.75333333333333	88.19575317611452
84.20666666666666	88.1968062476517
84.65833333333333	88.19785197520105
85.11166666666666	88.19891025596007
85.56333333333333	88.19995585472498
86.01666666666667	88.20101758319652
86.46833333333333	88.20206608506851
86.92	88.203128542591
87.37333333333333	88.20418244140455
87.825	88.20524304464925
88.27833333333334	88.20630332593282
88.73	88.20736071502324
89.18166666666667	88.20842609966348
89.635	88.20948035536276
90.08666666666667	88.2105476444849
90.54	88.2116002652765
90.99166666666666	88.21266587583523
91.44333333333333	88.21371833510057
91.89666666666666	88.21477919154859
92.34833333333333	88.2158325828641
92.80166666666666	88.21688711796014
93.25333333333333	88.21794198920543
93.705	88.21898970090842
94.15833333333333	88.22004599533102
94.61	88.22108878703148
95.06166666666667	88.22214481078845
95.515	88.22318630591326
95.96666666666667	88.22424007921654
96.41833333333334	88.2252838138811
96.87166666666667	88.22633451381989
97.32333333333334	88.22738261624181
97.775	88.22843058333092
98.22833333333334	88.22948421475303
98.68	88.23053017586062
99.13166666666666	88.23158900013368
99.585	88.23263546328235
100.03666666666666	88.23369663841731
100.48833333333333	88.23474642595102
100.94166666666666	88.23580757052696
101.39333333333333	88.2368618305918
101.845	88.23792081857391
102.29833333333333	88.23898026930692
102.75	88.24003543086292
103.20166666666667	88.24109857923759
103.655	88.24215079621354
104.10666666666667	88.24321461252111
104.55833333333334	88.24426461178518
105.01	88.24532657927193
105.46333333333334	88.24637631878431
105.915	88.24743300392583
106.36666666666666	88.24848407275567
106.82	88.24953480543627
107.27166666666666	88.25058729744342
107.72333333333333	88.25163190085732
108.175	88.2526857767516
108.62833333333333	88.25372689207143
109.08	88.25478010876395
109.53166666666667	88.25582053650578
109.98333333333333	88.25687214884965
110.43666666666667	88.2579152177641
110.88833333333334	88.25896359958278
111.34	88.26001122833986
111.79166666666667	88.26105717635073
112.245	88.26211016603338
112.69666666666667	88.26315445076034
113.14833333333333	88.2642113170732
113.6	88.26525672157004
114.05166666666666	88.26631573138002
114.505	88.26736411101592
114.95666666666666	88.26842221278639
115.40833333333333	88.26947528541496
115.86	88.27053108434484
116.31333333333333	88.27158902677184
116.765	88.27264127867238
117.21666666666667	88.27370214166876
117.66833333333334	88.27475188118115
118.12	88.27581350160472
118.57166666666667	88.27686218246527
119.025	88.27792102638341
119.47666666666667	88.27896977491037
119.92833333333333	88.28002386253502
120.38	88.28107426779752
120.83166666666666	88.28212258849817
121.285	88.28317453262571
121.73666666666666	88.28421733960568
122.18833333333333	88.28526972247346
122.64	88.28630953248648
123.09166666666667	88.28736096147622
123.54333333333334	88.28840063179086
123.99666666666667	88.28944951128506
124.44833333333334	88.29049135347304
124.9	88.29153661390592
125.35166666666667	88.29258262303483
125.80333333333333	88.29362502838194
126.255	88.29467539435427
126.70666666666666	88.29571659262001
127.15833333333333	88.29677014982735
127.61166666666666	88.29781230633671
128.06333333333333	88.29886670391716
128.515	88.29991236598289
128.96666666666667	88.30096589917957
129.41833333333332	88.30201645723719
129.87	88.30306780982937
130.32166666666666	88.3041232224059
130.77333333333334	88.30517226779193
131.22666666666666	88.3062309349043
131.67833333333334	88.30727832355478
132.13	88.30833739230002
132.58166666666668	88.3093849010038
133.03333333333333	88.31044173457485
133.485	88.31149070356332
133.93666666666667	88.31254311262455
134.38833333333332	88.31359409196011
134.84	88.31464121431054
135.29166666666666	88.315693651748
135.74333333333334	88.31673620770744
136.195	88.3177885425539
136.64666666666668	88.3188284245989
137.1	88.3198786421417
137.55166666666668	88.32091817057517
138.00333333333333	88.32196458570252
138.455	88.32300597823632
138.90666666666667	88.32404805834813
139.35833333333332	88.32509238673083
139.81	88.32613092854444
140.26166666666666	88.32717804216372
140.71333333333334	88.32821497526311
141.165	88.32926361028512
141.61666666666667	88.33030160203634
142.06833333333333	88.33135007989767
142.52	88.33239153573231
142.97166666666666	88.33343852929829
143.42333333333335	88.3344847959961
143.875	88.33552979667729
144.32666666666665	88.33658085895877
144.77833333333334	88.33762451504299
145.23	88.3386788318603
145.68166666666667	88.33972259053553
146.13333333333333	88.34077779574727
146.585	88.34182334212528
147.03666666666666	88.34287691461213
147.48833333333334	88.34392543176364
147.94	88.34497561001626
148.39166666666668	88.3460271088552
148.84333333333333	88.34707329478988
149.295	88.34812666864309
149.74666666666667	88.34916966334276
150.19833333333332	88.35022275561641
150.65	88.35126413941907
151.10166666666666	88.35231459925126
151.55333333333334	88.35335620569822
152.005	88.35440223447222
152.45666666666668	88.35544530775223
152.90833333333333	88.35648627464252
153.35833333333332	88.35753106577613
153.81	88.35856768673693
154.26166666666666	88.35961319819035
154.71333333333334	88.36064761890157
155.165	88.36169250607782
155.61666666666667	88.36272725420713
156.06833333333333	88.36377002189693
156.52	88.36480737627426
156.97166666666666	88.3658472692332
157.42333333333335	88.36688843475713
157.875	88.36792575857544
158.32666666666665	88.36897063265496
158.77833333333334	88.37000690000423
159.22833333333332	88.37105415768747
159.68	88.37209123266803
160.13166666666666	88.37313884832838
160.58333333333334	88.37417900103901
161.035	88.37522539870406
161.48666666666668	88.37626985150564
161.93833333333333	88.37731411658751
162.39	88.37836279308249
162.84166666666667	88.37940509583859
163.29166666666666	88.38045647462422
163.74333333333334	88.38149761832028
164.195	88.38254935508303
164.64666666666668	88.38359121473331
165.09833333333333	88.38464106556785
165.55	88.38568494211358
166.00166666666667	88.38673114332778
166.45166666666665	88.38777735109034
166.90333333333334	88.38881897936517
167.355	88.38986647715501
167.80666666666667	88.39090462388413
168.25833333333333	88.39195208674937
168.71	88.39298844141013
169.16166666666666	88.39403378260613
169.61166666666668	88.39506990807422
170.06333333333333	88.39611106923257
170.515	88.3971487684903
170.96666666666667	88.39818554224621
171.41833333333332	88.39922533479694
171.86833333333334	88.40025828212674
172.32	88.40129907875962
172.77166666666668	88.40232983893657
173.22333333333333	88.40337073161209
173.675	88.40440200474404
174.125	88.40544141748978
174.57666666666665	88.40647483411885
175.02833333333334	88.40751150964934
175.48	88.40854878544633
175.93166666666667	88.40958323889936
176.38166666666666	88.41062411192979
176.83333333333334	88.41165697849647
177.285	88.41270014563634
177.73666666666668	88.4137338722212
178.18833333333333	88.4147778055194
178.63833333333332	88.4158137760096
179.09	88.4168562162813
179.54166666666666	88.41789627949765
179.99333333333334	88.41893677490589
180.44333333333333	88.41998049210815
180.895	88.42101856025693
181.34666666666666	88.42206513909332
181.79833333333335	88.42310245636327
182.24833333333333	88.42414942810137
182.7	88.42518694400496
183.15166666666667	88.42623247401207
183.60166666666666	88.42727208757424
184.05333333333334	88.42831395813846
184.505	88.4293556191551
184.95666666666668	88.43039384446456
185.40666666666667	88.43143721678643
185.85833333333332	88.43247181430343
186.31	88.43351529576466
186.76166666666666	88.43454843081417
187.21166666666667	88.4355897687783
187.66333333333333	88.43662260696874
188.115	88.43766069694539
188.565	88.43869479678688
189.01666666666668	88.43972819813644
189.46833333333333	88.44076420573401
189.91833333333332	88.44179384832387
190.37	88.44283065482159
190.82166666666666	88.4438579880225
191.27166666666668	88.44489469847758
191.72333333333333	88.44592150780954
192.175	88.44695626248722
192.625	88.44798528516549
193.07666666666665	88.44901690536062
193.52833333333334	88.45004877439351
193.97833333333332	88.45107784072752
194.43	88.45211241641664
194.88166666666666	88.45313970159623
195.33166666666668	88.45417646007263
195.78333333333333	88.45520367540303
196.235	88.45624070891063
196.685	88.45727024236112
197.13666666666666	88.4583057348209
197.58833333333334	88.45933903576224
198.03833333333333	88.46037235416588
198.49	88.46140927853412
198.94	88.46244108644896
199.39166666666668	88.46348059523734
199.84333333333333	88.46451170029468
