0.04833333333333333	66.00030612030423
0.6566666666666666	66.00027622017706
1.265	66.00006682375579
1.875	66.00020344175164
2.4833333333333334	65.99992913203323
3.091666666666667	65.99998403670497
3.7	65.99989224436058
4.31	65.999740959262
4.918333333333333	65.99980087796666
5.526666666666666	65.99960268824816
6.136666666666667	65.99959856318947
6.745	65.99953807283327
7.3533333333333335	65.99938562192165
7.963333333333333	65.9994218980728
8.571666666666667	65.9992601555814
9.18	65.99922110210628
9.79	65.99918152107875
10.398333333333333	65.99902805203328
11.006666666666666	65.99904718293601
11.616666666666667	65.99891222733731
12.225	65.9988477876368
12.833333333333334	65.99882241021078
13.443333333333333	65.99867039926721
14.051666666666666	65.99867395325418
14.66	65.99856153684414
15.27	65.99847683978624
15.878333333333334	65.99846115550463
16.486666666666668	65.99831340604396
17.096666666666668	65.99830093823584
17.705	65.99820898190956
18.313333333333333	65.99810805378183
18.923333333333332	65.99809750491659
19.531666666666666	65.99795729125617
20.14	65.99792825159057
20.75	65.99785431103555
21.358333333333334	65.99774146297932
21.966666666666665	65.99773187685969
22.576666666666668	65.99760145586515
23.185	65.99755625566104
23.793333333333333	65.99749771453389
24.403333333333332	65.99737652809381
25.011666666666667	65.99736472453515
25.62	65.99724578213682
26.23	65.9971847765064
26.838333333333335	65.99713934983811
27.446666666666665	65.99701324789748
28.05666666666667	65.99699596199571
28.665	65.9968901079992
29.273333333333333	65.99681401576163
29.883333333333333	65.99677863223405
30.491666666666667	65.99665151516092
31.1	65.99662575963521
31.71	65.99653359362492
32.318333333333335	65.9964445640071
32.928333333333335	65.99641569446248
33.53666666666667	65.99629085840206
34.145	65.99625516682863
34.755	65.99617608608241
35.36333333333334	65.99607625003046
35.971666666666664	65.99605121809873
36.58166666666666	65.99593102891959
37.19	65.99588407416377
37.79833333333333	65.9958177651788
38.40833333333333	65.99570918460813
39.016666666666666	65.99568485389682
39.625	65.99557210065541
40.235	65.99551287345093
40.843333333333334	65.99545800663691
41.45166666666667	65.99534368888271
42.06166666666667	65.99531683023088
42.67	65.99521344769528
43.278333333333336	65.9951420757352
43.888333333333335	65.9950965689859
44.49666666666667	65.99497958386564
45.105	65.9949474993482
45.715	65.99485459992138
46.32333333333333	65.99477208210374
46.931666666666665	65.99473338483222
47.541666666666664	65.99461658661312
48.15	65.99457746697226
48.76	65.9944952359183
49.36833333333333	65.99440285081073
49.97666666666667	65.99436884489478
50.586666666666666	65.99425449139744
51.195	65.99420670281688
51.803333333333335	65.99413536305292
52.413333333333334	65.99403459304085
53.02166666666667	65.99400261711708
53.63	65.99389325101583
54.24	65.99383556431349
54.848333333333336	65.99377447601
55.45666666666666	65.99366743676
56.06666666666667	65.99363481172986
56.675	65.99353259534837
57.285	65.99346439579676
57.89333333333333	65.99341227165496
58.501666666666665	65.99330169792665
59.111666666666665	65.9932656579258
59.72	65.99317211894231
60.32833333333333	65.99309400353377
60.93833333333333	65.99304894316447
61.54666666666667	65.9929374267449
62.155	65.992896005082
62.765	65.99281177350349
63.373333333333335	65.99272451549041
63.983333333333334	65.99268422232853
64.59166666666667	65.99257411708095
65.2	65.99252574651473
65.81	65.99245084853465
66.41833333333334	65.99235576850333
67.02666666666667	65.99231826276082
67.63666666666667	65.99221151900565
68.245	65.99215496735269
68.85333333333334	65.99208918250952
69.46333333333334	65.9919879055451
70.07166666666667	65.99195085273095
70.68166666666667	65.99184939568659
71.29	65.99178399283119
71.89833333333333	65.99172666192317
72.50833333333334	65.99162101065303
73.11666666666666	65.99158214830823
73.725	65.99148769473686
74.335	65.99141311653511
74.94333333333333	65.99136289823946
75.55333333333333	65.99125508273573
76.16166666666666	65.99121231211029
76.77	65.99112597959902
77.38	65.99104259821615
77.98833333333333	65.99099774739443
78.59666666666666	65.9908902429379
79.20666666666666	65.99084161371138
79.815	65.99076390430128
80.425	65.99067270090018
81.03333333333333	65.99063123121596
81.64166666666667	65.99052618239512
82.25166666666667	65.99047030413203
82.86	65.99040117525874
83.46833333333333	65.99030377055897
84.07833333333333	65.99026333115035
84.68666666666667	65.99016265663522
85.29666666666667	65.990098698785
85.905	65.99003757419268
86.51333333333334	65.98993569259619
87.12333333333333	65.9898941836218
87.73166666666667	65.98979944847088
88.34	65.9897272429589
88.95	65.98967292211455
89.55833333333334	65.98956850739341
90.16833333333334	65.9895239305115
90.77666666666667	65.98943627741392
91.385	65.98935605888983
91.995	65.98930709569686
92.60333333333334	65.98920220294531
93.21166666666667	65.98915290687728
93.82166666666667	65.98907294155651
94.43	65.98898535394255
95.04	65.98894000871951
95.64833333333333	65.98883662427397
96.25666666666666	65.98878126769705
96.86666666666666	65.98870909056131
97.475	65.98861526563269
98.085	65.98857163717184
98.69333333333333	65.9884716349552
99.30166666666666	65.98840924325486
99.91166666666666	65.98834452797746
100.52	65.98824594020698
101.12833333333333	65.98820208473626
101.73833333333333	65.98810700797912
102.34666666666666	65.98803706383478
102.95666666666666	65.98797904098319
103.565	65.9878774169556
104.17333333333333	65.98783150311647
104.78333333333333	65.987742525067
105.39166666666667	65.9876649870057
106.00166666666667	65.98761246696085
106.61	65.98750968169043
107.21833333333333	65.98745997853257
107.82833333333333	65.9873779188274
108.43666666666667	65.98729326269677
109.04666666666667	65.98724474260962
109.655	65.98714268857293
110.26333333333334	65.98708775218256
110.87333333333333	65.98701297752996
111.48166666666667	65.98692207098793
112.09166666666667	65.98687583300489
112.7	65.98677631427563
113.30833333333334	65.98671507399558
113.91833333333334	65.9866474545197
114.52666666666667	65.98655155376036
115.13666666666667	65.98650576106593
115.745	65.98641036453046
116.35333333333334	65.98634213169134
116.96333333333334	65.98628111187281
117.57166666666667	65.98618178632023
118.18166666666667	65.9861346184698
118.79	65.98604462542426
119.39833333333333	65.9859692243117
120.00833333333334	65.98591381753067
120.61666666666666	65.98581277194171
121.22666666666667	65.98576254709769
121.835	65.9856788606703
122.44333333333333	65.98559654557903
123.05333333333333	65.98554543343198
123.66166666666666	65.98544442931598
124.27166666666666	65.98538971338712
124.88	65.98531281815667
125.48833333333333	65.98522428867
126.09833333333333	65.98517590064148
126.70666666666666	65.98507671042171
127.31666666666666	65.9850163563533
127.925	65.9849462845159
128.53333333333333	65.98485260801681
129.14333333333335	65.98480527645734
129.75166666666667	65.984709478289
130.36166666666668	65.98464273956779
130.97	65.98457906111435
131.57833333333335	65.98448160184489
132.18833333333333	65.98443357179349
132.79666666666665	65.98434246443503
133.40666666666667	65.98426902892243
134.015	65.98421094931837
134.62333333333333	65.98411130944442
135.23333333333332	65.9840609307139
135.84166666666667	65.98397550296795
136.45166666666665	65.98389544269594
137.06	65.98384180724679
137.67	65.98374174827768
138.27833333333334	65.98368745362677
138.88666666666666	65.98360829484591
139.49666666666667	65.98352222099493
140.105	65.98347154758812
140.715	65.98337275900121
141.32333333333332	65.98331335226248
141.93166666666667	65.9832406676287
142.54166666666666	65.98314946422761
143.15	65.98310020308418
143.76	65.98300430014206
144.36833333333334	65.9829389234801
144.97833333333332	65.98287252090813
145.58666666666667	65.98277731645794
146.195	65.98272779119725
146.805	65.98263610321737
147.41333333333333	65.98256429169851
148.02333333333334	65.98250360148086
148.63166666666666	65.98240580824495
149.24	65.98235441015277
149.85	65.98226803289435
150.45833333333334	65.98218973413168
151.06833333333333	65.98213377837965
151.67666666666668	65.98203494831978
152.28666666666666	65.98198036117537
152.895	65.98189978576556
153.50333333333333	65.98181540139194
154.11333333333334	65.98176291845448
154.72166666666666	65.98166465810209
155.33166666666668	65.98160568573803
155.94	65.98153120467032
156.55	65.98144159470394
157.15833333333333	65.98139091693156
157.76666666666668	65.9812947978935
158.37666666666667	65.98123054754979
158.985	65.98116202549136
159.595	65.9810683599062
160.20333333333335	65.98101786767074
160.81333333333333	65.98092534804891
161.42166666666665	65.98085511686804
162.03	65.98079206269176
162.64	65.98069573192333
163.24833333333333	65.98064384706959
163.85833333333332	65.98055619069783
164.46666666666667	65.98047969928302
165.07666666666665	65.98042142977647
165.685	65.98032375659386
166.29333333333332	65.98026896863303
166.90333333333334	65.98018691547622
167.51166666666666	65.98010438210622
168.12166666666667	65.98004985171428
168.73	65.97995223746693
169.34	65.97989353358571
169.94833333333332	65.97981732375047
170.55833333333334	65.97972938579915
171.16666666666666	65.97967721936584
171.775	65.97958118545648
172.385	65.97951770781947
172.99333333333334	65.97944724089757
173.60333333333332	65.97935517966107
174.21166666666667	65.97930354146229
174.82166666666666	65.97921053944447
175.43	65.97914151971054
176.03833333333333	65.9790763984347
176.64833333333334	65.97898142099439
177.25666666666666	65.97892882891756
177.86666666666667	65.97884025140957
178.475	65.97876518535486
179.085	65.97870497098484
179.69333333333333	65.97860822112125
180.30333333333334	65.97855323452677
180.91166666666666	65.97846990443941
181.52	65.97838885754754
182.13	65.97833260057087
182.73833333333334	65.97823546435393
183.34833333333333	65.9781771730195
183.95666666666668	65.97809923005116
184.56666666666666	65.97801303832966
185.175	65.9779592173436
185.785	65.97786324455228
186.39333333333335	65.97780053525639
187.00166666666667	65.97772810600873
187.61166666666668	65.97763770150777
188.22	65.97758475363662
188.83	65.97749164466222
189.43833333333333	65.97742345220468
190.04833333333335	65.97735654977441
190.65666666666667	65.9772627575876
191.26666666666668	65.97720933386881
191.875	65.97712010152463
192.48333333333332	65.97704607229389
193.09333333333333	65.9769842382957
193.70166666666665	65.97688823057979
194.31166666666667	65.9768332461681
194.92	65.9767485147313
195.53	65.97666905472579
196.13833333333332	65.976610962025
196.74833333333333	65.97651439551555
197.35666666666665	65.97645631809428
197.96666666666667	65.97637672057317
198.575	65.97629220959789
199.18333333333334	65.9762366249197
199.79333333333332	65.9761411629006
