0.05	62.000326396440634
0.6983333333333334	61.99985170260333
1.3483333333333334	61.998948523000756
1.9966666666666666	61.99867708589863
2.645	61.99793292357753
3.2933333333333334	61.99725225001202
3.941666666666667	61.9968705176916
4.59	61.99610324974855
5.24	61.9955153140836
5.888333333333334	61.99505889094325
6.536666666666667	61.99429447201509
7.185	61.99376398853928
7.833333333333333	61.993243589404294
8.481666666666667	61.99249747028261
9.131666666666666	61.992002176202725
9.78	61.991425680389504
10.428333333333333	61.99070960160497
11.076666666666666	61.990231303798275
11.725	61.98960708666163
12.375	61.98892823435926
13.023333333333333	61.98845100598191
13.671666666666667	61.987789998920555
14.32	61.98715181262741
14.968333333333334	61.98666161249093
15.618333333333334	61.98597592861005
16.266666666666666	61.98537762429623
16.915	61.98486414309627
17.563333333333333	61.984166687307145
18.213333333333335	61.98360328944545
18.861666666666668	61.98305943257764
19.51	61.982363070637795
20.158333333333335	61.98182697221454
20.808333333333334	61.98124919551446
21.456666666666667	61.98056513903793
22.105	61.98004656484954
22.753333333333334	61.97943572315125
23.403333333333332	61.97877250888268
24.051666666666666	61.978260557816604
24.7	61.97762088149829
25.348333333333333	61.97698428727562
25.998333333333335	61.976468136936084
26.64666666666667	61.975806576811
27.295	61.97519907314017
27.945	61.97466913413336
28.593333333333334	61.97399451848468
29.241666666666667	61.97341492884333
29.891666666666666	61.97286396591152
30.54	61.97218588440591
31.188333333333333	61.971629890012984
31.836666666666666	61.97105357987311
32.486666666666665	61.9703813599699
33.135	61.96984230782618
33.78333333333333	61.96923937804967
34.43333333333333	61.968581120891024
35.08166666666666	61.96805077697717
35.73	61.96742297706805
36.38	61.966784681499114
37.028333333333336	61.966254263370494
37.67666666666667	61.965606053854565
38.32666666666667	61.96499107645649
38.975	61.96445225732531
39.625	61.963790288882585
40.27333333333333	61.963198960620495
40.92166666666667	61.962644785035074
41.571666666666665	61.961976850489
42.22	61.96140679021482
42.86833333333333	61.960832379645574
43.51833333333333	61.960166540575294
44.166666666666664	61.959613008366425
44.81666666666667	61.959016234868606
45.465	61.958359686559554
46.11333333333334	61.95781621318019
46.763333333333335	61.95719749994168
47.41166666666667	61.95655609417371
48.06166666666667	61.956015590749296
48.71	61.95537750008952
49.36	61.95475512140546
50.00833333333333	61.95421029306089
50.656666666666666	61.95355760119127
51.306666666666665	61.95295616416842
51.955	61.952399973870335
52.605	61.95173926707866
53.25333333333333	61.95115750160766
53.903333333333336	61.95058496850833
54.55166666666667	61.94992335558708
55.2	61.94935773946781
55.85	61.94876629360805
56.498333333333335	61.94811007544558
57.14833333333333	61.947556169707234
57.79666666666667	61.94694444766355
58.446666666666665	61.94630000427423
59.095	61.9457510832035
59.745	61.94512105003013
60.39333333333333	61.94449234699277
61.04333333333334	61.94394206522701
61.69166666666667	61.94329712661783
62.34166666666667	61.942686574820975
62.99	61.94212860227707
63.64	61.94147406622505
64.28833333333333	61.94088180618564
64.93833333333333	61.940311121907136
65.58666666666667	61.939652856563036
66.23666666666666	61.93907686047168
66.885	61.938489618660235
67.535	61.93783405778958
68.18333333333334	61.93727019472134
68.83333333333333	61.93666515882796
69.48166666666667	61.936017560765315
70.13166666666666	61.93546120430255
70.78166666666667	61.93483830447803
71.43	61.934203872988284
72.08	61.933648531521605
72.72833333333334	61.93301065886771
73.37833333333333	61.93239187905419
74.02666666666667	61.93183190789568
74.67666666666666	61.93118307328404
75.32666666666667	61.93058085973461
75.975	61.93001137708051
76.625	61.92935643503005
77.27333333333333	61.92877019293518
77.92333333333333	61.928186872501094
78.57166666666667	61.92753154628007
79.22166666666666	61.92695853296754
79.87166666666667	61.926358969321875
80.52	61.92570907169283
81.17	61.92514477424992
81.82	61.92452852101268
82.46833333333333	61.923888775527296
83.11833333333334	61.92332809605431
83.76666666666667	61.92269678813317
84.41666666666667	61.922070353284646
85.06666666666666	61.921507888291664
85.715	61.92086454993841
86.365	61.92025325053691
87.015	61.919683898850046
87.66333333333333	61.91903275703225
88.31333333333333	61.91843663564213
88.96333333333334	61.91785613536921
89.61166666666666	61.91720220285787
90.26166666666667	61.91661953725997
90.91166666666666	61.91602499075088
91.56	61.91537342656374
92.21	61.91480100369517
92.86	61.91419111328286
93.50833333333334	61.91354665843391
94.15833333333333	61.912980141096334
94.80833333333334	61.91235533351573
95.45666666666666	61.91172174676466
96.10666666666667	61.91115620295022
96.75666666666666	61.91051852019881
97.405	61.909898251724364
98.055	61.909328781075594
98.705	61.908681642489675
99.355	61.90807566690636
100.00333333333333	61.9074977324999
100.65333333333334	61.90684550037985
101.30333333333333	61.90625317158264
101.95166666666667	61.90566316199692
102.60166666666667	61.90501065593707
103.25166666666667	61.904429707101364
103.90166666666667	61.90382583790778
104.55	61.90317742784827
105.2	61.90260434577794
105.85	61.90198618805879
106.5	61.90134622429468
107.14833333333333	61.900776270158524
107.79833333333333	61.90014489238819
108.44833333333334	61.89951652468152
109.09833333333333	61.89894543877016
109.74833333333333	61.89830296698346
110.39666666666666	61.897687696000496
111.04666666666667	61.897111033067624
111.69666666666667	61.89646146940503
112.34666666666666	61.89585943375277
112.99666666666667	61.895273087975504
113.645	61.89462063102837
114.295	61.89403068801766
114.945	61.893432359829596
115.595	61.89278137735527
116.245	61.892200545298685
116.89333333333333	61.89158867182413
117.54333333333334	61.89094358724105
118.19333333333333	61.89036852865683
118.84333333333333	61.889743386018374
119.49333333333334	61.88910742002917
120.14333333333333	61.88853362637018
120.79166666666667	61.887896661755796
121.44166666666666	61.88727242279128
122.09166666666667	61.886695823159236
122.74166666666666	61.88604997350921
123.39166666666667	61.885438237550254
124.04166666666667	61.884854635536605
124.69166666666666	61.884203406407316
125.34166666666667	61.88360377618664
125.99	61.88301021411461
126.64	61.882358008188014
127.29	61.88176893501804
127.94	61.88116317880485
128.59	61.88051396438822
129.24	61.879932365081906
129.89	61.879313700410414
130.54	61.87867123189789
131.19	61.878093426275875
131.83833333333334	61.87746257237449
132.48833333333334	61.876829895845724
133.13833333333332	61.87625197453598
133.78833333333333	61.875610883362235
134.43833333333333	61.8749896162626
135.08833333333334	61.874407473442254
135.73833333333334	61.87375903064093
136.38833333333332	61.87314970775332
137.03833333333333	61.87255981167254
137.68833333333333	61.871907697423005
138.33833333333334	61.871309456546435
138.98833333333334	61.870709181312115
139.63833333333332	61.87005735300772
140.28833333333333	61.869468155418865
140.93833333333333	61.86885596216597
141.58833333333334	61.868208313899224
142.23833333333334	61.86762513207213
142.88833333333332	61.86700080033915
143.53833333333333	61.866360597559826
144.18833333333333	61.86577980151923
144.83833333333334	61.86514433320553
145.48833333333334	61.86451399880752
146.13833333333332	61.86393173593387
146.78833333333333	61.8632872832677
147.43833333333333	61.86266812037501
148.08833333333334	61.86208073886518
148.73833333333334	61.86143036866269
149.38833333333332	61.860822431845
150.03833333333333	61.86022678193694
150.68833333333333	61.85957404559303
151.33833333333334	61.85897616269357
151.98833333333334	61.85837007906229
152.63833333333332	61.85771874843339
153.28833333333333	61.857128703923074
153.93833333333333	61.85651108207821
154.58833333333334	61.85586469982808
155.23833333333334	61.85527939414896
155.88833333333332	61.85465033668151
156.53833333333333	61.854011773175436
157.18833333333333	61.85342766802932
157.83833333333334	61.85278843659034
158.48833333333334	61.85215967598196
159.13833333333332	61.851573147941956
159.78833333333333	61.85092600826464
160.44	61.85030809610907
161.09	61.849715877542614
161.74	61.84906405360379
162.39	61.84845665593456
163.04	61.84785587647638
163.69	61.847202655553694
164.34	61.84660435574187
164.99	61.84599314037768
165.64	61.84534209132834
166.29166666666666	61.844750501404626
166.94166666666666	61.84412832844827
167.59166666666667	61.84348281931306
168.24166666666667	61.842895086374476
168.89166666666668	61.84226206278253
169.54166666666666	61.8416244880791
170.19166666666666	61.84103698433318
170.84166666666667	61.84039457912149
171.49333333333334	61.83976680295017
172.14333333333335	61.839176341527484
172.79333333333332	61.838527156578486
173.44333333333333	61.83790960894839
174.09333333333333	61.83731282835651
174.74333333333334	61.83665957250923
175.395	61.836051936916185
176.045	61.83544665000226
176.695	61.83479297724261
177.345	61.83419357075763
177.995	61.83357797453936
178.64666666666668	61.83292702371545
179.29666666666665	61.83233367883076
179.94666666666666	61.83170752228761
180.59666666666666	61.83106229036638
181.24666666666667	61.83047168706252
181.89833333333334	61.82983541330031
182.54833333333335	61.82919831881008
183.19833333333332	61.8286075299693
183.84833333333333	61.82796261236944
184.5	61.82733480345632
185.15	61.82674058545671
185.8	61.82608955605246
186.45	61.8254716242518
187.10166666666666	61.824870757482124
187.75166666666667	61.824216615423204
188.40166666666667	61.82360801722097
189.05166666666668	61.822998600473504
189.70333333333335	61.82234415718994
190.35333333333332	61.821743314430925
191.00333333333333	61.82112409260298
191.65333333333334	61.82047273578063
192.305	61.81987705531355
192.955	61.81924768134194
193.605	61.81860226824937
194.25666666666666	61.81800881859089
194.90666666666667	61.817369927666725
195.55666666666667	61.816732494844466
196.20666666666668	61.81613828557601
196.85833333333332	61.81549139255366
197.50833333333333	61.81486317982489
198.15833333333333	61.81426521834509
198.81	61.813612608602845
199.46	61.812993871353676
