0.035	92.00021743180855
0.47	92.00133573029916
0.9066666666666666	92.00255737379166
1.3416666666666666	92.00367902127482
1.7783333333333333	92.00491417069543
2.2133333333333334	92.00609352882338
2.65	92.00729996633754
3.085	92.00849737345607
3.5216666666666665	92.00965478785292
3.9566666666666666	92.01085425061137
4.3933333333333335	92.01200142824746
4.828333333333333	92.01321249006469
5.265	92.0143871298933
5.7	92.01559393636671
6.135	92.01678705990162
6.571666666666666	92.01796223860583
7.006666666666667	92.01915692433431
7.443333333333333	92.0203124773252
7.878333333333333	92.02151453159786
8.315	92.02268457202081
8.75	92.0238906794566
9.185	92.02508007929282
9.621666666666666	92.02626606538615
10.056666666666667	92.02745907009557
10.493333333333334	92.0286217642115
10.928333333333333	92.02981870366784
11.363333333333333	92.03098564807988
11.8	92.03218958132311
12.235	92.03337508324694
12.671666666666667	92.0345679811362
13.106666666666667	92.03576015693216
13.541666666666666	92.03693021618164
13.978333333333333	92.03812388486767
14.413333333333334	92.03928991769317
14.848333333333333	92.04049050185859
15.285	92.04167209154548
15.72	92.04286952049188
16.156666666666666	92.04406010271668
16.591666666666665	92.04523780908858
17.026666666666667	92.04642943673207
17.463333333333335	92.04759612180169
17.898333333333333	92.04879408744091
18.333333333333332	92.04997138590443
18.77	92.05117102342228
19.205	92.0523601313107
19.64	92.0535440954609
20.076666666666668	92.05473479923967
20.511666666666667	92.05590405699695
20.946666666666665	92.057098881196
21.383333333333333	92.0582732600451
21.81833333333333	92.05947335785822
22.253333333333334	92.06065991638752
22.69	92.06184950053284
23.125	92.06303957444106
23.56	92.06421239832707
23.996666666666666	92.06540481955017
24.43166666666667	92.06657753757099
24.866666666666667	92.06777667441202
25.301666666666666	92.06896055193283
25.738333333333333	92.07015457041052
26.173333333333332	92.07134381758806
26.608333333333334	92.07252110909394
27.045	92.07371175625667
27.48	92.07488385382021
27.915	92.07608138794967
28.35	92.07726269250998
28.786666666666665	92.07845945857116
29.221666666666668	92.07964779116082
29.656666666666666	92.08082991808624
30.091666666666665	92.08201921601358
30.528333333333332	92.08319178424063
30.963333333333335	92.08438744717569
31.398333333333333	92.08556655094071
31.833333333333332	92.08676477919653
32.27	92.08795168397046
32.705	92.08913852953629
33.14	92.09032697017392
33.575	92.0915012226942
34.01166666666666	92.09269444663732
34.446666666666665	92.09387198752665
34.88166666666667	92.09507087880411
35.31666666666667	92.09625635849079
35.751666666666665	92.09744692461754
36.18833333333333	92.0986344252924
36.623333333333335	92.0998115940165
37.05833333333333	92.10100305890592
37.49333333333333	92.10217928302882
37.928333333333335	92.10337748509119
38.365	92.10456141963732
38.8	92.105755567718
39.235	92.1069424012785
39.67	92.10812259807426
40.105	92.10931208153852
40.54	92.11048794331873
40.97666666666667	92.11168520705542
41.41166666666667	92.11286790805389
41.846666666666664	92.11406436388643
42.281666666666666	92.11525036225794
42.71666666666667	92.11643401467882
43.151666666666664	92.11762190388981
43.58833333333333	92.11879852991842
44.02333333333333	92.1199943011743
44.458333333333336	92.12117582537758
44.89333333333333	92.1223738710978
45.32833333333333	92.12355918898538
45.763333333333335	92.12474625746836
46.19833333333333	92.12593277588894
46.635	92.1271105271444
47.07	92.12830439391837
47.505	92.12948507665715
47.94	92.13068385797669
48.375	92.13186851338833
48.81	92.1330587927514
49.245	92.13424419795047
49.68	92.13542378056445
50.115	92.13661542307818
50.55	92.13779548699677
50.986666666666665	92.13899425521959
51.42166666666667	92.14017840095039
51.85666666666667	92.14137147428119
52.291666666666664	92.14255598453747
52.72666666666667	92.1437378066912
53.16166666666667	92.14492750434147
53.596666666666664	92.14610770359286
54.031666666666666	92.14730571766268
54.46666666666667	92.14848930241715
54.901666666666664	92.14968446904095
55.336666666666666	92.15086811491346
55.77166666666667	92.15205224209058
56.20666666666666	92.15323993048514
56.641666666666666	92.1544205641112
57.07833333333333	92.15561740384146
57.513333333333335	92.1568008401664
57.94833333333333	92.15799769626756
58.38333333333333	92.1591808739322
58.818333333333335	92.16036747093312
59.25333333333333	92.16155343274295
59.68833333333333	92.16273500169336
60.123333333333335	92.1639303680422
60.55833333333333	92.16511378799623
60.99333333333333	92.16631161107216
61.428333333333335	92.16749442311993
61.86333333333334	92.16868326730037
62.29833333333333	92.1698675800144
62.733333333333334	92.17105030802486
63.16833333333334	92.17224388448813
63.60333333333333	92.17342757729057
64.03833333333333	92.17462582601001
64.47333333333333	92.1758085169131
64.90833333333333	92.17699939654267
65.34333333333333	92.17818232209538
65.77833333333334	92.17936642307905
66.21333333333334	92.18055807104975
66.64833333333333	92.18174228553835
67.08333333333333	92.18294042402704
67.51833333333333	92.18412323607481
67.95333333333333	92.18531578771945
68.38666666666667	92.18649764916336
68.82166666666667	92.1876833162969
69.25666666666666	92.18887307833938
69.69166666666666	92.1900581659429
70.12666666666667	92.19125585150323
70.56166666666667	92.19243913503306
70.99666666666667	92.193633109855
71.43166666666667	92.19481413747417
71.86666666666666	92.19600125070428
72.30166666666666	92.19718905260379
72.73666666666666	92.19837505697797
73.17166666666667	92.1995717635582
73.60666666666667	92.2007555993332
74.04166666666667	92.20195038724341
74.475	92.20313076548337
74.91	92.20431939684204
75.345	92.20550550599
75.78	92.20669271744555
76.215	92.20788833263214
76.65	92.20907311027986
77.085	92.21026849845657
77.52	92.21144871844444
77.955	92.21263840736356
78.39	92.21382272335177
78.82333333333334	92.21501116371655
79.25833333333334	92.21620548887586
79.69333333333333	92.21739138301928
80.12833333333333	92.21858694254479
80.56333333333333	92.21976727058063
80.99833333333333	92.22095800287207
81.43333333333334	92.22214096771495
81.86666666666666	92.22333053439797
82.30166666666666	92.22452344183694
82.73666666666666	92.22571056598099
83.17166666666667	92.2269059028622
83.60666666666667	92.22808657905261
84.04166666666667	92.22927802074992
84.475	92.23045990729588
84.91	92.23165085022629
85.345	92.23284224390227
85.78	92.23403063406295
86.215	92.23522534994117
86.65	92.23640652598988
87.08333333333333	92.23759858978156
87.51833333333333	92.23877995573275
87.95333333333333	92.23997185799817
88.38833333333334	92.2411617149919
88.82333333333334	92.2423513035028
89.25666666666666	92.24354531652352
89.69166666666666	92.24472762762161
90.12666666666667	92.24591988349857
90.56166666666667	92.24710058151686
90.99666666666667	92.2482931669947
91.43	92.24948195878824
91.865	92.2506732193142
92.3	92.25186625008064
92.735	92.2530492705846
93.16833333333334	92.2542413649353
93.60333333333334	92.25542211970605
94.03833333333333	92.25661568962096
94.47333333333333	92.25780307788227
94.90666666666667	92.25899547782319
95.34166666666667	92.26018760273291
95.77666666666667	92.26137194600597
96.21166666666667	92.26256352303608
96.645	92.26374423415109
97.08	92.26493848073005
97.515	92.26612512684369
97.95	92.267318661834
98.38333333333334	92.26850962768367
98.81833333333333	92.26969529372582
99.25333333333333	92.27088628358615
99.68666666666667	92.27206728501187
100.12166666666667	92.2732619485032
100.55666666666667	92.27444797907083
100.99166666666666	92.27564259890642
101.425	92.27683241006162
101.86	92.278019305013
102.295	92.27920948069368
102.72833333333334	92.280391307213
103.16333333333333	92.28158603182237
103.59833333333333	92.28277158217679
104.03166666666667	92.28396728467487
104.46666666666667	92.28515603062988
104.90166666666667	92.28634397768474
105.335	92.28753325405705
105.77	92.28871615232492
106.205	92.28991057134408
106.63833333333334	92.2910960714944
107.07333333333334	92.29229277589184
107.50833333333334	92.29348021872283
107.94166666666666	92.29466937504185
108.37666666666667	92.29585791799764
108.81166666666667	92.2970415213058
109.245	92.29823586611019
109.68	92.29942171987204
110.115	92.30061846792523
110.54833333333333	92.30180535414547
110.98333333333333	92.30299557784747
111.41666666666667	92.30418276747514
111.85166666666667	92.30536796421802
112.28666666666666	92.30656169565918
112.72	92.30774794668832
113.155	92.30894528627687
113.58833333333334	92.31013095886738
114.02333333333333	92.31132240274746
114.45833333333333	92.31250864286267
114.89166666666667	92.31369498556887
115.32666666666667	92.31488841796818
115.76	92.31607502479164
116.195	92.31727255646547
116.63	92.31845771391818
117.06333333333333	92.3196497536992
117.49833333333333	92.32083518836589
117.93166666666667	92.32202276871249
118.36666666666666	92.32321569252235
118.8	92.32440306986973
119.235	92.32560039636155
119.67	92.32678509542893
120.10333333333334	92.32797775075596
120.53833333333333	92.32916232322168
120.97166666666666	92.33035143370216
121.40666666666667	92.33154364810616
121.84	92.33273216268572
122.275	92.33392885398644
122.70833333333333	92.33511336096853
123.14333333333333	92.33630636335874
123.57666666666667	92.33749014128989
124.01166666666667	92.33868086266739
124.44666666666667	92.33987208608596
124.88	92.3410620107461
125.315	92.34225759755645
125.74833333333333	92.34344248870912
126.18333333333334	92.3446352204337
126.61666666666666	92.34581910532143
127.05166666666666	92.34701067798596
127.485	92.3482018730283
127.92	92.34939225825656
128.35333333333332	92.35058748927258
128.78833333333333	92.35177189584647
129.22166666666666	92.35296520164411
129.655	92.35414836839482
130.09	92.35534176368674
130.52333333333334	92.35653191099118
130.95833333333334	92.35772383508447
131.39166666666668	92.3589175556117
131.82666666666665	92.360102645398
132.26	92.36129544697178
132.695	92.36247903281765
133.12833333333333	92.3636732990417
133.56333333333333	92.36486305562721
133.99666666666667	92.36605576770671
134.43166666666667	92.3672482069378
134.865	92.36843377257173
135.29833333333335	92.36962619215774
135.73333333333332	92.37081031715206
136.16666666666666	92.37200552197464
136.60166666666666	92.37319490093796
137.035	92.37438835516514
137.47	92.37557951746567
137.90333333333334	92.37676558732346
138.33666666666667	92.37795777116844
138.77166666666668	92.37914246587025
139.205	92.38033860929136
139.64	92.3815274163644
140.07333333333332	92.38272162147041
140.50666666666666	92.38391148282972
140.94166666666666	92.3850981202122
141.375	92.38629021019733
141.81	92.38747539820906
142.24333333333334	92.3886724474869
142.67666666666668	92.38986084856151
143.11166666666668	92.39105528940854
143.545	92.39224415105127
143.97833333333332	92.39343118133547
144.41333333333333	92.39462318837468
144.84666666666666	92.39580965549976
145.28166666666667	92.39700662838004
145.715	92.39819504473417
146.14833333333334	92.39938961654843
146.58333333333334	92.40057700480975
147.01666666666668	92.40176543862617
147.45	92.40295692834479
147.885	92.40414448468073
148.31833333333333	92.40534204473079
148.75166666666667	92.40652972112002
149.18666666666667	92.40772427983757
149.62	92.40891094559629
150.05333333333334	92.41010016958171
150.48833333333334	92.41129142792488
150.92166666666665	92.41248058206111
151.355	92.41367776448897
151.79	92.41486489954696
152.22333333333333	92.4160596307047
152.65666666666667	92.41724529892963
153.09	92.4184356295882
153.525	92.41962708219944
153.95833333333334	92.4208173801162
154.39166666666668	92.42201401466446
154.82666666666665	92.42320090743306
155.26	92.42439531990385
155.69333333333333	92.42558044243196
156.12666666666667	92.4267721176875
156.56166666666667	92.42796348080446
156.995	92.42915499016817
157.42833333333334	92.43035088038596
157.86166666666668	92.43153734096268
158.29666666666665	92.43273143692932
158.73	92.43391649179102
159.16333333333333	92.4351096884493
159.59666666666666	92.43630068704078
160.03166666666667	92.4374932419596
160.465	92.43868820231
160.89833333333334	92.43987464542442
161.33166666666668	92.44106809310324
161.76666666666668	92.44225334659859
162.2	92.4434480995842
162.63333333333333	92.44463915492815
163.06666666666666	92.44583212021098
163.50166666666667	92.4470256006316
163.935	92.44821222273458
164.36833333333334	92.44940575117653
164.80166666666668	92.45059141721867
165.235	92.4517871808348
165.67	92.45297795678198
166.10333333333332	92.45417163801903
166.53666666666666	92.4553638415091
166.97	92.45655047234322
167.40333333333334	92.45774382834497
167.83833333333334	92.45893031511514
168.27166666666668	92.4601274451561
168.705	92.461317823836
169.13833333333332	92.46251153999765
169.57166666666666	92.46370221117104
170.005	92.46488927856262
170.44	92.46608294233738
170.87333333333333	92.46727069730696
171.30666666666667	92.46846844507672
171.74	92.46965805104992
172.17333333333335	92.4708516580722
172.60666666666665	92.47204104576667
173.04	92.47322900591826
173.475	92.47442310406768
173.90833333333333	92.47561193078582
174.34166666666667	92.47680991211382
174.775	92.4779986275098
175.20833333333334	92.47919211447879
175.64166666666668	92.48038060068211
176.075	92.4815698825114
176.51	92.48276416838053
176.94333333333333	92.483953966439
177.37666666666667	92.48515177096124
177.81	92.48633955212426
178.24333333333334	92.48753299107193
178.67666666666668	92.48872098178254
179.11	92.4899119148904
179.54333333333332	92.49110651071533
179.97666666666666	92.49229693305097
180.41	92.49349389065173
180.84333333333333	92.49468063280801
181.27833333333334	92.49587420708849
181.71166666666667	92.49706223272369
182.145	92.49825493825483
182.57833333333335	92.49944966941257
183.01166666666666	92.50064054576796
183.445	92.50183649928658
183.87833333333333	92.50302264772472
184.31166666666667	92.50421651886427
184.745	92.5054047802405
185.17833333333334	92.50659906174405
185.61166666666668	92.50779336944106
186.045	92.50898428072105
186.47833333333332	92.51017902934109
186.91166666666666	92.51136492894148
187.345	92.5125595247664
187.77833333333334	92.51374839732307
188.21166666666667	92.5149440059613
188.645	92.51613750166143
189.07833333333335	92.51732820339384
189.51166666666666	92.51852181259892
189.945	92.51970803088625
190.37833333333333	92.5209036176966
190.81166666666667	92.5220931887452
191.245	92.52328967922949
191.67833333333334	92.5244819612999
192.11166666666668	92.5256724753126
192.545	92.52686520267162
192.97833333333332	92.5280523551919
193.41166666666666	92.52924902903032
193.845	92.53043909775442
194.27833333333334	92.53163586326991
194.71166666666667	92.53282666104496
195.145	92.53401710957405
195.57833333333335	92.5352095226117
196.01166666666666	92.53639811577159
196.445	92.53759572820854
196.87833333333333	92.53878586241626
197.31166666666667	92.53998233980383
197.745	92.54117166201468
198.17833333333334	92.54236245978973
198.61166666666668	92.54355499506346
199.045	92.54474509871216
199.47833333333332	92.54594308222295
199.91166666666666	92.5471328322601
