0.66	55.998436735308125
1.37	55.99628871409549
2.078333333333333	55.99500560276737
2.7883333333333336	55.99380075595945
3.4983333333333335	55.99193873861167
4.208333333333333	55.99033408614104
4.918333333333333	55.98914168108421
5.628333333333333	55.98753196215966
6.338333333333333	55.985765943182734
7.05	55.98444278841725
7.76	55.98304366910724
8.47	55.98127978844331
9.18	55.97976231131269
9.89	55.978459186485445
10.6	55.9768221870172
11.31	55.97514831208627
12.02	55.97380390433954
12.73	55.97233177188627
13.44	55.9706108090495
14.151666666666667	55.96913200067774
14.861666666666666	55.96776925199264
15.571666666666667	55.96611801570361
16.281666666666666	55.96449730924177
16.991666666666667	55.96313641995038
17.703333333333333	55.961617529464995
18.413333333333334	55.9599262294796
19.123333333333335	55.9584707313661
19.833333333333332	55.95706410231286
20.545	55.955405300619525
21.255	55.95382270098525
21.965	55.952445231514496
22.675	55.950892091595954
23.386666666666667	55.949225956555885
24.096666666666668	55.94778491285978
24.80666666666667	55.946341684466454
25.518333333333334	55.944679933554646
26.22833333333333	55.94312720099878
26.938333333333333	55.94173241111093
27.65	55.9401526230431
28.36	55.93850940931588
29.071666666666665	55.93707667753733
29.781666666666666	55.93560128359058
30.491666666666667	55.933940768818495
31.203333333333333	55.93241175838556
31.913333333333334	55.93099834304666
32.625	55.92939825928624
33.335	55.92777619240223
34.04666666666667	55.926346517207996
34.75666666666667	55.9248429276522
35.468333333333334	55.92318627641361
36.178333333333335	55.921676325124274
36.89	55.920243456512246
37.6	55.91862799310547
38.31166666666667	55.9170255481149
39.02166666666667	55.91559515669359
39.733333333333334	55.91406640642162
40.445	55.912416321552875
41.155	55.91092104732524
41.86666666666667	55.90946850688851
42.57666666666667	55.90784184905714
43.288333333333334	55.9062574579002
44.0	55.904822876345854
44.71	55.90327232084746
45.42166666666667	55.901630204243695
46.13333333333333	55.900146141630096
46.843333333333334	55.898674002764885
47.555	55.89703944024222
48.266666666666666	55.89547159734138
48.97833333333333	55.89403029880486
49.68833333333333	55.89246050149085
50.4	55.890827799794344
51.111666666666665	55.889351391670054
51.82333333333333	55.887860095299395
52.53333333333333	55.88622091481738
53.245	55.884667531245206
53.95666666666666	55.88321722489126
54.66833333333334	55.88163122938567
55.38	55.8800087349482
56.09	55.878536974250885
56.80166666666667	55.877027001406525
57.513333333333335	55.875385708259266
58.225	55.873845006681215
58.93666666666667	55.872384315716765
59.64833333333333	55.87078452990681
60.36	55.86917229293248
61.071666666666665	55.86770262143545
61.78333333333333	55.86617525341352
62.495	55.86453397827426
63.205	55.86300395243597
63.916666666666664	55.86153173908314
64.62833333333333	55.85992055912356
65.34	55.858318487935314
66.05166666666666	55.85684854140708
66.76333333333334	55.85530483904221
67.475	55.85366511859319
68.18833333333333	55.85214380262186
68.9	55.85065938994375
69.61166666666666	55.84903913531888
70.32333333333334	55.84744695679546
71.035	55.84597489269071
71.74666666666667	55.84441623959719
72.45833333333333	55.842779448175854
73.17	55.841265107846986
73.88166666666666	55.83976837278896
74.59333333333333	55.838141019739844
75.30666666666667	55.83655806785827
76.01833333333333	55.83508213039749
76.73	55.83350979122769
77.44166666666666	55.83187674983491
78.15333333333334	55.8303675325078
78.86666666666666	55.82885824751428
79.57833333333333	55.827225200664536
80.29	55.82565061431523
81.00166666666667	55.824169695733865
81.715	55.82258521590119
82.42666666666666	55.820956385105085
83.13833333333334	55.81945051726506
83.85	55.81792888315248
84.56333333333333	55.81629189637169
85.275	55.8147247740635
85.98666666666666	55.81323772621544
86.7	55.81164216546312
87.41166666666666	55.810018106240015
88.12333333333333	55.80851435570366
88.83666666666667	55.80698043795564
89.54833333333333	55.80534079472272
90.26166666666667	55.8037803211846
90.97333333333333	55.802286119251214
91.685	55.80068114522873
92.39833333333333	55.799061742982296
93.11	55.79755855997063
93.82333333333334	55.79601316512707
94.535	55.79437183787376
95.24833333333333	55.792816759094414
95.96	55.79131523718387
96.67333333333333	55.78970162368932
97.385	55.7880871796442
98.09833333333333	55.786583270855765
98.81	55.78502718362869
99.52333333333333	55.783384766073134
100.23666666666666	55.78183439338317
100.94833333333334	55.78032490320765
101.66166666666666	55.77870404613349
102.37333333333333	55.77709407134534
103.08666666666667	55.775588605138175
103.8	55.77402225771947
104.51166666666667	55.77237963279912
105.225	55.77083263688109
105.93833333333333	55.76931543491809
106.65	55.76768813425587
107.36333333333333	55.766082219452066
108.07666666666667	55.76457458355434
108.78833333333333	55.76299858930724
109.50166666666667	55.76135611172503
110.215	55.7598117929956
110.92833333333333	55.758286558375396
111.64	55.7566538804167
112.35333333333334	55.75505167635128
113.06666666666666	55.75354089614847
113.78	55.75195609872025
114.49333333333334	55.7503143152644
115.205	55.748771686012326
115.91833333333334	55.747238367439415
116.63166666666666	55.745601037961016
117.345	55.744002189931045
118.05833333333334	55.74248788670956
118.77166666666666	55.740894961672886
119.485	55.73925378612329
120.19666666666667	55.73771222316281
120.91	55.73617121899587
121.62333333333333	55.734529848086815
122.33666666666667	55.732933715444226
123.05	55.731415367517904
123.76333333333334	55.729814928236
124.47666666666667	55.728174378054966
125.19	55.726633142512576
125.90333333333334	55.72508473214838
126.61666666666666	55.72343991680099
127.33	55.72184604334324
128.04333333333332	55.72032344334729
128.75666666666666	55.718716206865786
129.47	55.71707634971971
130.18333333333334	55.71553483150637
130.89666666666668	55.71397933035768
131.61166666666668	55.71233145255973
132.325	55.71073919763875
133.03833333333333	55.70921206290222
133.75166666666667	55.707598572735144
134.465	55.70595925255474
135.17833333333334	55.70441685467812
135.89166666666668	55.70285460871673
136.60666666666665	55.701204051547386
137.32	55.69961289456841
138.03333333333333	55.69808119780645
138.74666666666667	55.69646210660721
139.46	55.6948232851937
140.175	55.69327939429058
140.88833333333332	55.69171058577921
141.60166666666666	55.6900576886619
142.31666666666666	55.68846742171444
143.03	55.686930981755715
143.74333333333334	55.68530667369486
144.45666666666668	55.68366802253876
145.17166666666665	55.68212236030376
145.885	55.68054755131015
146.59833333333333	55.67889252488384
147.31333333333333	55.6773020827677
148.02666666666667	55.67576118555734
148.74166666666667	55.67413232420221
149.455	55.672493308520636
150.16833333333332	55.67094574944348
150.88333333333333	55.66936528266523
151.59666666666666	55.66770807563443
152.31166666666667	55.66611744143301
153.025	55.66457196691771
153.74	55.66293876618146
154.45333333333335	55.66129942308179
155.16833333333332	55.65974941491731
155.88166666666666	55.65816375528811
156.59666666666666	55.65650459902826
157.31	55.65491312663652
158.025	55.65336330837453
158.73833333333334	55.65172616115887
159.45333333333335	55.65008612175006
160.16666666666666	55.64853356409002
160.88166666666666	55.64694298882386
161.59666666666666	55.645281852775945
162.31	55.64368920386186
163.025	55.642135039670386
163.74	55.640494428371305
164.45333333333335	55.638853367418044
165.16833333333332	55.63729773639351
165.88333333333333	55.63570303565938
166.59666666666666	55.63403981068404
167.31166666666667	55.63244550066883
168.02666666666667	55.630887333245475
168.74	55.62924339974415
169.455	55.62760096800047
170.17	55.62604232472949
170.885	55.624443472333944
171.59833333333333	55.62277846402139
172.31333333333333	55.621182100003345
173.02833333333334	55.619619879144004
173.74333333333334	55.61797286354703
174.45833333333334	55.61632898898096
175.17333333333335	55.614767294173355
175.88666666666666	55.613164698297616
176.60166666666666	55.61149749410105
177.31666666666666	55.609898827242425
178.03166666666667	55.6083328781824
178.74666666666667	55.60668309917673
179.46166666666667	55.60503719025291
180.17666666666668	55.60347208811435
180.89166666666668	55.601866154756856
181.60666666666665	55.600196986051735
182.32166666666666	55.59859568893443
183.03666666666666	55.59702620812458
183.75166666666667	55.595373947289765
184.46666666666667	55.593725787912255
185.18166666666667	55.59215725879766
185.89666666666668	55.59054830009699
186.61166666666668	55.588876948604586
187.32666666666665	55.58727256502606
188.04166666666666	55.58569963977788
188.75666666666666	55.58404509793035
189.47166666666666	55.582394371594994
190.18666666666667	55.5808223238273
190.90166666666667	55.57921070212614
191.61666666666667	55.57753725734073
192.33166666666668	55.575929619226365
193.04833333333335	55.574353491829235
193.76333333333332	55.572696821764104
194.47833333333332	55.57104321633232
195.19333333333333	55.569467536406584
195.90833333333333	55.567853609682054
196.625	55.56617797337821
197.34	55.56456648264429
198.055	55.562987257872
198.77	55.56132888523279
199.48666666666668	55.55967235268326
200.20166666666665	55.55809273719205
200.91666666666666	55.55647664514253
201.63166666666666	55.55479879767517
202.34833333333333	55.55318344777333
203.06333333333333	55.55160128060378
203.77833333333334	55.549941312347066
204.495	55.54828126332722
205.21	55.54669785415171
205.925	55.54508013156009
206.64166666666668	55.543399819725884
207.35666666666665	55.54178017846424
208.07333333333332	55.54019539849832
208.78833333333333	55.53853385863476
209.50333333333333	55.536870341165915
210.22	55.535282778146204
210.935	55.53366351450676
211.65166666666667	55.531980954401654
212.36666666666667	55.53035681659821
213.08333333333334	55.528769172815366
213.79833333333335	55.52710665724589
214.515	55.52543909507221
215.23	55.523847555014065
215.94666666666666	55.522226826724356
216.66166666666666	55.52054234576644
217.37833333333333	55.51891311770304
218.095	55.5173229506181
218.81	55.51565940259024
219.52666666666667	55.51398787647485
220.24166666666667	55.51239200794952
220.95833333333334	55.510770201362895
221.675	55.5090834328439
222.39	55.507449319702566
223.10666666666665	55.50585631281137
223.82333333333332	55.50419219507602
224.53833333333333	55.50251672466401
225.255	55.500915896845974
225.97166666666666	55.49929342232644
226.68833333333333	55.4976046871161
227.40333333333334	55.495965077716384
228.12	55.494369425287
228.83666666666667	55.492704895004856
229.55333333333334	55.491025091760086
230.27	55.48941967354039
230.985	55.487796507077285
231.70166666666665	55.48610576806822
232.41833333333332	55.4844604768732
233.135	55.48286220728186
233.85166666666666	55.48119763770955
234.56833333333333	55.47951356711564
235.28333333333333	55.477902873099076
236.0	55.47627927444409
236.71666666666667	55.474586887430625
237.43333333333334	55.47293564377468
238.15	55.47133447325904
238.86666666666667	55.469670043385115
239.58333333333334	55.46798157010925
240.3	55.46636541912448
241.01666666666668	55.46474149959976
241.73333333333332	55.46304777017212
242.45	55.461390386335545
243.16666666666666	55.45978619702509
243.88333333333333	55.458122223353705
244.6	55.456429511104936
245.31666666666666	55.454807571368285
246.03333333333333	55.45318339209188
246.75	55.45148859309847
247.46666666666667	55.44982488790992
248.185	55.4482174135046
248.90166666666667	55.44655416015302
249.61833333333334	55.44485725913545
250.335	55.44322911810013
251.05166666666668	55.44160461795399
251.76833333333335	55.43990910300635
252.48666666666668	55.43823888001497
253.20333333333335	55.43662767740897
253.92	55.43496544341905
254.63666666666666	55.43326463302946
255.35333333333332	55.43163006586837
256.07166666666666	55.43000517282052
256.78833333333336	55.428309114358846
257.505	55.42663215310312
258.2216666666667	55.425017274683334
258.94	55.423356254323146
259.6566666666667	55.421651696087785
260.37333333333333	55.4200102444156
261.09166666666664	55.41838479693978
261.80833333333334	55.41668889127322
262.525	55.4150053707417
263.24333333333334	55.41338579714647
263.96	55.4117264553497
264.67833333333334	55.41001860110554
265.395	55.40836962973116
266.11333333333334	55.40674373478395
266.83	55.40504816090105
267.5466666666667	55.403357908653554
268.265	55.40173342596972
268.9816666666667	55.400075799843755
269.7	55.39836490497691
270.4166666666667	55.39670846847002
271.135	55.39508129222667
271.8516666666667	55.393387049844016
272.57	55.39168990871985
273.28833333333336	55.39006028775474
274.005	55.38840418084873
274.72333333333336	55.38669103989377
275.44	55.38502650742884
276.15833333333336	55.38339795384672
276.87666666666667	55.381705204490565
277.5933333333333	55.38000165252014
278.31166666666667	55.37836583462194
279.0283333333333	55.37671182537451
279.74666666666667	55.374996619502774
280.465	55.373323816456825
281.18333333333334	55.37169351446209
281.9	55.37000241747591
282.61833333333334	55.36829291522735
283.33666666666664	55.36665044855908
284.05333333333334	55.36499805020866
284.77166666666665	55.36328170928754
285.49	55.361600369360524
286.2083333333333	55.35996742837596
286.9266666666667	55.35827893545501
287.6433333333333	55.35656384963658
288.3616666666667	55.354913893825135
289.08	55.3532628553512
289.79833333333335	55.35154622411937
290.51666666666665	55.34985638878425
291.235	55.348220101586776
291.9533333333333	55.34653435679502
292.67	55.344814272393705
293.3883333333333	55.34315628829063
294.1066666666667	55.34150640232838
294.825	55.33979010724579
295.54333333333335	55.338091628073016
296.26166666666666	55.33645118921413
296.98	55.334768426109804
297.6983333333333	55.333043910650304
298.4166666666667	55.33137743113912
299.135	55.329728213109775
299.85333333333335	55.32801305744215
300.57166666666666	55.32630626184982
301.29	55.32466086369823
302.0083333333333	55.32298140969942
302.72833333333335	55.32125337558682
303.44666666666666	55.31957775892806
304.165	55.317928479780676
304.8833333333333	55.31621525369701
305.6016666666667	55.31450040798518
306.32	55.31284904209315
307.03833333333336	55.311172923393315
307.7583333333333	55.309442339785164
308.4766666666667	55.30775703591644
309.195	55.30610689675086
309.91333333333336	55.304396381689
310.63166666666666	55.30267407084466
311.3516666666667	55.30101569820545
312.07	55.29934247824713
312.78833333333336	55.29761031866656
313.50666666666666	55.295915375609184
314.2266666666667	55.29426336797769
314.945	55.29255615765578
315.66333333333336	55.29082700595609
316.3833333333333	55.289160557003925
317.1016666666667	55.28749014847563
317.82	55.28575774442288
318.54	55.28405268632923
319.2583333333333	55.28239776249393
319.97833333333335	55.28069464708096
320.69666666666666	55.2789593792113
321.415	55.277284155454254
322.135	55.27561589042307
322.85333333333335	55.27388420669013
323.5733333333333	55.27216927803238
324.2916666666667	55.27051012832089
325.01166666666666	55.26881119076279
325.73	55.26707122553489
326.45	55.26538611375145
327.16833333333335	55.26371928935987
327.8883333333333	55.26198947845842
328.6066666666667	55.26026519437437
329.32666666666665	55.25860033885692
330.0466666666667	55.25690595022752
330.765	55.2551624008629
331.485	55.25346685099066
332.2033333333333	55.25180031909258
332.92333333333335	55.25007353789988
333.6433333333333	55.24834040479618
334.3616666666667	55.24666860801517
335.08166666666665	55.24497829246684
335.8016666666667	55.243232931388775
336.52	55.24152643702109
337.24	55.239858656568686
337.96	55.2381360095751
338.68	55.23639498787816
339.3983333333333	55.23471484411857
340.11833333333334	55.233028374641435
340.8383333333333	55.23128248532885
341.55833333333334	55.229564963519806
342.27666666666664	55.227894830022706
342.99666666666667	55.226176784344716
343.71666666666664	55.22442899600719
344.43666666666667	55.2227392916393
345.1566666666667	55.22105591735453
345.87666666666667	55.21931117182248
346.5966666666667	55.21758274480817
347.31666666666666	55.215908289392246
348.035	55.21419559590868
348.755	55.21244269548333
349.475	55.210742282361025
350.195	55.20906072852085
350.915	55.20731845826958
351.635	55.20557968484354
352.355	55.203899139451096
353.075	55.20219176323735
353.795	55.20043546202942
354.515	55.19872359800502
355.235	55.197042520012474
355.955	55.195304266089806
356.675	55.193556128506316
357.395	55.191867790563265
358.1166666666667	55.190165290696314
358.83666666666664	55.18840744407498
359.5566666666667	55.18668362710741
360.27666666666664	55.185001082281815
360.99666666666667	55.183267927350244
361.71666666666664	55.181511831324315
362.43666666666667	55.1798140288156
363.15833333333336	55.17811580284615
363.87833333333333	55.17635847572819
364.59833333333336	55.174622753838776
365.3183333333333	55.172936930466676
366.04	55.17120966032962
366.76	55.16944705959759
367.48	55.16773813360487
368.2	55.166043072676985
368.9216666666667	55.164288159721764
369.64166666666665	55.1625410131237
370.3616666666667	55.16084961491288
371.0833333333333	55.159128364903154
371.80333333333334	55.15736166926217
372.5233333333333	55.15564079469186
373.245	55.153946851351066
373.965	55.15219612934743
374.68666666666667	55.15043876730488
375.4066666666667	55.14873934080242
376.12666666666667	55.147024089092156
376.84833333333336	55.145255455136066
377.5683333333333	55.14352185928146
378.29	55.1418270864815
379.01	55.14008193058544
379.7316666666667	55.13831573261996
380.45166666666665	55.136606610176386
381.17333333333335	55.134896082017804
381.8933333333333	55.133128107263474
382.615	55.13138165915734
383.335	55.12968383045518
384.0566666666667	55.12794498281437
384.7783333333333	55.12617219283129
385.49833333333333	55.12445147105609
386.22	55.122744474647334
386.94166666666666	55.12097936370992
387.6616666666667	55.11922077930649
388.3833333333333	55.11751691738027
389.105	55.11578516379814
389.825	55.11400785544538
390.5466666666667	55.112274373095715
391.2683333333333	55.11056894392823
391.98833333333334	55.10880842557526
392.71	55.10703914114856
393.4316666666667	55.105326945340494
394.1533333333333	55.10360147818574
394.87333333333333	55.10182286016061
395.595	55.100075866357656
396.31666666666666	55.09836914061452
397.03833333333336	55.09661503092502
397.76	55.09483708519838
398.4816666666667	55.09311418936704
399.20166666666665	55.09139380810666
399.92333333333335	55.08961638188339
400.645	55.08785610363702
401.3666666666667	55.086145435780054
402.0883333333333	55.08439853801974
402.81	55.08261429713457
403.5316666666667	55.08087879352388
404.25333333333333	55.079161795583786
404.975	55.07738832893665
405.69666666666666	55.07561586200609
406.41833333333335	55.07389823105768
407.14	55.0721586412692
407.8616666666667	55.070371056353906
408.5833333333333	55.0686218055489
409.305	55.06690543188597
410.02666666666664	55.065137928613694
410.74833333333333	55.063354914454976
411.47	55.061627530812984
412.19166666666666	55.05989452431095
412.91333333333336	55.05810700924485
413.63666666666666	55.056343683827436
414.35833333333335	55.054624795593554
415.08	55.052864648314426
415.8016666666667	55.051073710637866
416.5233333333333	55.04933409465593
417.245	55.04760577678098
417.9683333333333	55.0458211429941
418.69	55.044044179521734
419.4116666666667	55.04231958111632
420.1333333333333	55.04056750141899
420.8566666666667	55.03877190130879
421.5783333333333	55.03701818015543
422.3	55.035291866079206
423.0233333333333	55.033512959926156
423.745	55.031724200671306
424.46666666666664	55.029990548064234
425.19	55.02824594223057
425.9116666666667	55.02644901062013
426.6333333333333	55.024680690985406
427.3566666666667	55.022953106526984
428.0783333333333	55.021181482152315
428.8016666666667	55.01938395682373
429.5233333333333	55.017638089339016
430.245	55.01589918931131
430.9683333333333	55.01410466749803
431.69	55.012322199036134
432.41333333333336	55.01058955487679
433.135	55.008826517587295
433.85833333333335	55.007023041980574
434.58	55.00526335745235
435.30333333333334	55.0035272121022
436.02666666666664	55.0017384091916
436.74833333333333	54.99994301426341
437.4716666666667	54.99820182667463
438.1933333333333	54.9964467609243
438.9166666666667	54.994641521625454
439.64	54.9928667365748
440.3616666666667	54.99112999314093
441.085	54.98934869465302
441.8066666666667	54.98754369546077
442.53	54.98579026243533
443.25333333333333	54.98404157915502
443.9766666666667	54.9822385662992
444.6983333333333	54.980448645801516
445.4216666666667	54.97870741019142
446.145	54.9769350043789
446.86833333333334	54.97512372749043
447.59	54.97335600593942
448.31333333333333	54.971610815118765
449.0366666666667	54.96981318501639
449.76	54.9680101503327
450.48333333333335	54.96626034509973
451.205	54.96449650454451
451.92833333333334	54.962683140911395
452.65166666666664	54.96089969892637
453.375	54.95915419378434
454.09833333333336	54.95736466618837
454.82166666666666	54.95555138113559
455.545	54.9537890816282
456.2683333333333	54.95203195969225
456.9916666666667	54.95022101458744
457.715	54.94842224070453
458.43833333333333	54.946671937796054
459.1616666666667	54.944891721970635
459.885	54.943072259629844
460.60833333333335	54.94129493818036
461.33166666666665	54.93954127377947
462.055	54.93773638372659
462.7783333333333	54.93592419443303
463.50166666666667	54.93416455356055
464.225	54.932393191120354
464.9483333333333	54.930572305602254
465.6716666666667	54.92877890137606
466.39666666666665	54.927024555945536
467.12	54.925228305364726
467.8433333333333	54.92340604469064
468.56666666666666	54.92163325034198
469.29	54.91986864581122
470.0133333333333	54.918050899141235
470.73833333333334	54.91624170463183
471.46166666666664	54.914481579180574
472.185	54.912695133680245
472.90833333333336	54.91086763431667
473.6333333333333	54.90907898856676
474.3566666666667	54.90731724348734
475.08	54.905506490467815
475.805	54.903684190503554
476.5283333333333	54.9019136618881
477.25166666666667	54.900136200740235
477.9766666666667	54.898308042174904
478.7	54.89650282470393
479.425	54.89473949492094
480.1483333333333	54.892937944532605
480.87166666666667	54.8911065030552
481.5966666666667	54.88932164225844
482.32	54.88755027108709
483.045	54.88572666581604
483.7683333333333	54.8839058894373
484.49333333333334	54.88213528660708
485.21666666666664	54.88034393420094
485.94166666666666	54.87850836725556
486.665	54.876706978393486
487.39	54.87493736654869
488.11333333333334	54.873122016579146
488.8383333333333	54.87128881140961
489.56333333333333	54.86950630802312
490.2866666666667	54.86772338554147
491.01166666666666	54.86588919375208
491.735	54.86407092321315
492.46	54.86229745220044
493.185	54.86049241371802
493.90833333333336	54.85865168229793
494.6333333333333	54.8568531354249
495.35833333333335	54.85507535995566
496.08166666666665	54.853247511346126
496.8066666666667	54.85141411409131
497.5316666666667	54.84963148846873
498.25666666666666	54.84783652573242
498.9816666666667	54.845993973867735
499.705	54.84417799525545
500.43	54.84239978759433
501.155	54.84058152578655
501.88	54.83873742414289
502.605	54.836940824316116
503.3283333333333	54.835153392195934
504.05333333333334	54.83331443319912
504.7783333333333	54.83148183484445
505.50333333333333	54.82969738877728
506.22833333333335	54.82788995359442
506.9533333333333	54.82604067437933
507.67833333333334	54.82422682616743
508.4033333333333	54.82244215745595
509.12833333333333	54.82061156726559
509.85333333333335	54.818765566596994
510.5783333333333	54.81696918504895
511.30333333333334	54.81517120133503
512.0283333333333	54.813322930567665
512.7533333333333	54.81149127081153
513.4783333333334	54.80970332355355
514.2033333333334	54.80788367349305
514.9283333333333	54.80602943498525
515.6533333333333	54.804216791671934
516.3783333333333	54.802424365334446
517.105	54.80058273897157
517.83	54.79873545045848
518.555	54.79693780725938
519.28	54.7951288834156
520.005	54.79327279390418
520.73	54.79144201162853
521.4566666666667	54.789649022131925
522.1816666666666	54.78781769415946
522.9066666666666	54.78595957029029
523.6316666666667	54.78414713652455
524.3583333333333	54.78234593538218
525.0833333333334	54.78049435550929
525.8083333333333	54.7786462768272
526.535	54.776846359163756
527.26	54.77502645589993
527.985	54.77316378746764
528.7116666666667	54.77133325402974
529.4366666666666	54.76953414399759
530.1616666666666	54.767692164023174
530.8883333333333	54.7658308139944
531.6133333333333	54.76401734558749
532.34	54.76220710334019
533.065	54.760346700641094
533.7916666666666	54.758498019509716
534.5166666666667	54.75669414663571
535.2416666666667	54.75486402356182
535.9683333333334	54.75299548779731
536.695	54.7511645614577
537.42	54.749358531989856
538.1466666666666	54.747506655257894
538.8716666666667	54.74564251562697
539.5983333333334	54.74382717438857
540.3233333333334	54.742007659660885
541.05	54.74013952552923
541.7766666666666	54.73828960894025
542.5016666666667	54.736481104191625
543.2283333333334	54.7346407569421
543.955	54.73276765042101
544.68	54.73093510881881
545.4066666666666	54.72912187615293
546.1333333333333	54.72726084917667
546.8583333333333	54.725394107663305
547.585	54.7235757803719
548.3116666666666	54.72174715469009
549.0383333333333	54.719872271380154
549.7633333333333	54.71802062165807
550.49	54.71620694806916
551.2166666666667	54.71435718864086
551.9433333333334	54.712479410954984
552.67	54.71064512312296
553.395	54.70882440786227
554.1216666666667	54.706954911671346
554.8483333333334	54.7050854373083
555.575	54.70326349095558
556.3016666666666	54.7014259682328
557.0283333333333	54.6995445889479
557.755	54.697690883040195
558.4816666666667	54.69587149491417
559.2083333333334	54.694012943218695
559.935	54.692130804323824
560.6616666666666	54.69029363957816
561.3883333333333	54.68846535004559
562.115	54.68658827521722
562.8416666666667	54.68471581916674
563.5683333333334	54.68288957272307
564.295	54.681043694290565
565.0216666666666	54.679156395286554
565.7483333333333	54.67729997835704
566.475	54.67547454391024
567.2016666666667	54.67360789843951
567.93	54.67172131538973
568.6566666666666	54.669880575238494
569.3833333333333	54.66804487732588
570.11	54.66616071280441
570.8366666666667	54.66428486033692
571.565	54.66245392963174
572.2916666666666	54.6606000403699
573.0183333333333	54.65870697007631
573.745	54.65684711743961
574.4733333333334	54.65501556682284
575.2	54.65314120738185
575.9266666666666	54.65125012342469
576.6533333333333	54.649405554664554
577.3816666666667	54.64756273213425
578.1083333333333	54.6456719712296
578.835	54.64379227705649
579.5633333333334	54.64195589811425
580.29	54.64009482311667
581.0183333333333	54.63819634387619
581.745	54.63633239196497
582.4733333333334	54.63449471644708
583.2	54.632613376452355
583.9266666666666	54.630717717373045
584.655	54.62886810855707
585.3816666666667	54.62701877258951
586.11	54.625121694698464
586.8366666666667	54.623237608757336
587.565	54.62139569426654
588.2933333333333	54.619527953036595
589.02	54.617623864032794
589.7483333333333	54.61575532826828
590.475	54.61391147546237
591.2033333333334	54.61202388833044
591.9316666666666	54.610123187012505
592.6583333333333	54.60826850758167
593.3866666666667	54.60641264071455
594.115	54.60450988757657
594.8416666666667	54.60262053675251
595.57	54.600773147831205
596.2983333333333	54.59889907651814
597.025	54.596989644051064
597.7533333333333	54.595115572737996
598.4816666666667	54.59326574782608
599.21	54.59137234574882
599.9366666666666	54.58946622238727
600.665	54.58760584151605
601.3933333333333	54.585744107316714
602.1216666666667	54.58383567893179
602.85	54.58194086240837
603.5783333333334	54.580087614886
604.3066666666666	54.57820788578829
605.0333333333333	54.57629276934313
605.7616666666667	54.57441278704209
606.49	54.572557024948765
607.2183333333334	54.5706580960541
607.9466666666667	54.568746070435736
608.675	54.56687969126506
609.4033333333333	54.565012438979466
610.1316666666667	54.56309870205587
610.86	54.56119773007231
611.5883333333334	54.55933830962749
612.3166666666667	54.55745348153869
613.045	54.55553287320072
613.7733333333333	54.55364656081656
614.5016666666667	54.55178513220744
615.2316666666667	54.54988134006271
615.96	54.547963132790755
616.6883333333334	54.54609006555984
617.4166666666666	54.544217661896255
618.145	54.542298782325815
618.8733333333333	54.54039120959351
619.6033333333334	54.538525694806594
620.3316666666667	54.53663611697266
621.06	54.534709885774646
621.7883333333333	54.5328163789236
622.5166666666667	54.53094941476593
623.2466666666667	54.52904104749905
623.975	54.527116457757074
624.7033333333334	54.52523647545604
625.4333333333333	54.52335937443422
626.1616666666666	54.52143576258095
626.89	54.51952075964073
627.62	54.51764860918047
628.3483333333334	54.51575491024414
629.0766666666667	54.51382330065826
629.8066666666666	54.51192201435333
630.535	54.51004939241102
631.265	54.508137340599205
631.9933333333333	54.50620619376423
632.7233333333334	54.50431847566506
633.4516666666667	54.50243670347845
634.1816666666666	54.50050904910313
634.91	54.49858635402052
635.64	54.49670734087704
636.3683333333333	54.494810053438414
637.0983333333334	54.49287311785156
637.8266666666667	54.49096366792219
638.5566666666666	54.489085292152595
639.285	54.487170044740196
640.015	54.485232148726936
640.745	54.48333621461643
641.4733333333334	54.48145033878973
642.2033333333334	54.479518737934995
642.9333333333333	54.47758815862471
643.6616666666666	54.475701741466764
644.3916666666667	54.47380124969641
645.1216666666667	54.471859223849606
645.8516666666667	54.4699410253088
646.58	54.46805676474469
647.31	54.46613847889239
648.04	54.464194043248426
648.77	54.462289351795334
649.5	54.4603992588236
650.2283333333334	54.45846437505679
650.9583333333334	54.45652536145644
651.6883333333334	54.454630955297034
652.4183333333333	54.45272762590321
653.1483333333333	54.45078098127851
653.8783333333333	54.448853370558936
654.6083333333333	54.44696286722319
655.3383333333334	54.44504247716395
656.0683333333334	54.443091597931925
656.7983333333333	54.44117722363444
657.5266666666666	54.43928264285205
658.2566666666667	54.43734516593395
658.9883333333333	54.43539791885996
659.7183333333334	54.433494711702224
660.4483333333334	54.43158871930791
661.1783333333333	54.42963825917104
661.9083333333333	54.4277006862103
662.6383333333333	54.4258031542995
663.3683333333333	54.42388107912848
664.0983333333334	54.42192423652159
664.8283333333334	54.419999542005826
665.5583333333333	54.41810025513405
666.2883333333333	54.41616105817957
667.02	54.41420542920241
667.75	54.41229263524292
668.48	54.41038397984812
669.21	54.40843038522871
669.9416666666667	54.40648301591864
670.6716666666666	54.40457759104902
671.4016666666666	54.40265412762528
672.1316666666667	54.40069200267317
672.8633333333333	54.398756472801324
673.5933333333334	54.39685170276789
674.3233333333334	54.39491145807551
675.055	54.39294811076252
675.785	54.391024821961764
676.515	54.38911328528775
677.2466666666667	54.38715735072037
677.9766666666667	54.38519978342811
678.7083333333334	54.38328572345199
679.4383333333334	54.38136105512967
680.17	54.37939476541942
680.9	54.37744774535531
681.6316666666667	54.37553690717323
682.3616666666667	54.37359576317249
683.0933333333334	54.37162539601559
683.8233333333334	54.36969073052751
684.555	54.36777561408235
685.285	54.36581839603605
686.0166666666667	54.363851180823985
686.7466666666667	54.361927149875555
687.4783333333334	54.36000125919236
688.21	54.358031721494626
688.94	54.356073202507105
689.6716666666666	54.35415457613999
690.4033333333333	54.35221376392292
691.1333333333333	54.35023730242392
691.865	54.348290465713944
692.5966666666667	54.346370870189276
693.3266666666667	54.344413765647914
694.0583333333333	54.342437312880065
694.79	54.340501861588564
695.5216666666666	54.33857442549197
696.2533333333333	54.33660293201683
696.9833333333333	54.334632922837045
697.715	54.33270527719287
698.4466666666667	54.330764508631546
699.1783333333333	54.32878335850546
699.91	54.32682389655383
700.6416666666667	54.3248983900412
701.3733333333333	54.32294187921798
702.105	54.32095762953395
702.835	54.31900971016148
703.5666666666667	54.31707948009716
704.2983333333333	54.31510740163503
705.03	54.31312646105653
705.7616666666667	54.31118820706615
706.4933333333333	54.309247359924484
707.225	54.307263328519184
707.9566666666667	54.30529086588649
708.69	54.30335751007078
709.4216666666666	54.30140213429695
710.1533333333333	54.2994115196052
710.885	54.297450101876166
711.6166666666667	54.29551570705371
712.3483333333334	54.29354459774913
713.08	54.29155390447704
713.8116666666666	54.28960336575983
714.545	54.28766161057865
715.2766666666666	54.28567646158626
716.0083333333333	54.28369135624962
716.74	54.28174842236331
